4458
0 0 11 0
12 0 23 0
24 0 42 0
0 1 9 1
10 1 18 1
19 1 29 1
30 1 39 1
40 1 49 1
0 2 11 2
12 2 23 2
24 2 37 2
38 2 49 2
0 3 8 3
9 3 16 3
17 3 25 3
26 3 37 3
38 3 49 3
0 4 11 4
12 4 28 4
30 4 46 4
0 5 11 5
12 5 23 5
24 5 37 5
38 5 49 5
0 6 8 6
9 6 18 6
19 6 26 6
27 6 37 6
38 6 49 6
0 7 15 7
16 7 29 7
30 7 37 7
38 7 49 7
0 8 11 8
12 8 24 8
25 8 36 8
37 8 48 8
3 9 18 9
19 9 30 9
31 9 39 9
40 9 49 9
0 10 10 10
11 10 22 10
23 10 34 10
35 10 49 10
0 11 10 11
11 11 20 11
21 11 29 11
30 11 37 11
38 11 49 11
0 12 11 12
12 12 20 12
21 12 30 12
31 12 38 12
39 12 49 12
0 13 9 13
10 13 18 13
19 13 28 13
29 13 40 13
41 13 49 13
0 14 11 14
12 14 25 14
26 14 38 14
39 14 49 14
0 15 10 15
11 15 19 15
20 15 31 15
32 15 39 15
40 15 49 15
0 16 9 16
10 16 20 16
21 16 28 16
29 16 37 16
38 16 49 16
1 17 18 17
19 17 29 17
30 17 38 17
39 17 52 17
0 18 10 18
11 18 22 18
23 18 32 18
33 18 41 18
42 18 51 18
0 19 7 19
8 19 18 19
19 19 30 19
31 19 46 19
0 20 7 20
8 20 15 20
16 20 25 20
26 20 37 20
38 20 49 20
0 21 8 21
9 21 22 21
23 21 35 21
36 21 48 21
0 22 7 22
8 22 15 22
16 22 27 22
28 22 39 22
40 22 49 22
0 23 11 23
12 23 23 23
24 23 35 23
36 23 48 23
0 24 7 24
8 24 17 24
18 24 26 24
27 24 38 24
39 24 49 24
0 25 7 25
8 25 16 25
17 25 25 25
26 25 37 25
38 25 49 25
0 26 11 26
12 26 19 26
20 26 27 26
28 26 37 26
38 26 49 26
0 27 7 27
8 27 16 27
17 27 24 27
25 27 32 27
33 27 40 27
41 27 49 27
0 28 11 28
12 28 23 28
24 28 35 28
36 28 52 28
0 29 9 29
10 29 25 29
26 29 39 29
40 29 49 29
0 30 7 30
8 30 16 30
17 30 25 30
26 30 37 30
38 30 49 30
0 31 7 31
8 31 16 31
17 31 28 31
29 31 37 31
38 31 49 31
0 32 13 32
14 32 22 32
23 32 30 32
31 32 38 32
39 32 49 32
0 33 8 33
9 33 17 33
18 33 26 33
27 33 37 33
38 33 49 33
0 34 8 34
9 34 16 34
17 34 26 34
27 34 37 34
38 34 49 34
0 35 13 35
14 35 26 35
27 35 40 35
41 35 49 35
0 36 12 36
13 36 21 36
22 36 29 36
30 36 37 36
38 36 49 36
0 37 10 37
11 37 22 37
23 37 30 37
31 37 40 37
41 37 49 37
0 38 9 38
10 38 19 38
20 38 28 38
29 38 37 38
38 38 49 38
0 39 8 39
9 39 17 39
18 39 25 39
26 39 37 39
38 39 49 39
0 40 11 40
12 40 23 40
24 40 36 40
37 40 49 40
0 41 7 41
8 41 17 41
18 41 25 41
26 41 37 41
38 41 49 41
0 42 8 42
9 42 16 42
17 42 25 42
26 42 37 42
38 42 51 42
0 43 8 43
9 43 17 43
18 43 25 43
26 43 37 43
38 43 49 43
0 44 7 44
8 44 15 44
16 44 26 44
27 44 37 44
38 44 49 44
0 45 17 45
18 45 32 45
33 45 48 45
0 46 7 46
8 46 17 46
18 46 25 46
26 46 37 46
38 46 49 46
0 47 7 47
8 47 17 47
18 47 28 47
29 47 37 47
38 47 50 47
0 48 8 48
9 48 17 48
18 48 25 48
26 48 37 48
38 48 49 48
0 49 11 49
12 49 23 49
24 49 32 49
33 49 40 49
41 49 50 49
0 50 11 50
12 50 23 50
24 50 35 50
36 50 47 50
0 51 11 51
12 51 23 51
24 51 35 51
36 51 47 51
0 52 7 52
8 52 16 52
17 52 26 52
27 52 37 52
38 52 50 52
0 53 11 53
12 53 23 53
24 53 35 53
36 53 48 53
0 54 10 54
11 54 18 54
19 54 26 54
27 54 37 54
38 54 49 54
0 55 7 55
8 55 15 55
16 55 25 55
26 55 37 55
38 55 49 55
0 56 9 56
10 56 18 56
19 56 30 56
31 56 45 56
0 57 7 57
8 57 17 57
18 57 29 57
30 57 39 57
40 57 49 57
0 58 8 58
9 58 17 58
18 58 25 58
26 58 37 58
38 58 49 58
0 59 7 59
8 59 15 59
16 59 25 59
26 59 33 59
34 59 41 59
42 59 49 59
0 60 7 60
8 60 16 60
17 60 25 60
26 60 37 60
38 60 49 60
0 61 8 61
9 61 17 61
18 61 25 61
26 61 37 61
38 61 49 61
0 62 7 62
8 62 17 62
18 62 29 62
30 62 41 62
42 62 55 62
0 63 8 63
9 63 18 63
19 63 29 63
30 63 38 63
39 63 49 63
0 64 8 64
9 64 16 64
17 64 28 64
29 64 38 64
39 64 49 64
0 65 8 65
9 65 19 65
20 65 29 65
30 65 38 65
39 65 49 65
0 66 11 66
12 66 23 66
24 66 35 66
36 66 48 66
0 67 11 67
12 67 23 67
24 67 35 67
36 67 48 67
0 68 7 68
8 68 16 68
17 68 27 68
28 68 37 68
38 68 49 68
0 69 11 69
12 69 23 69
24 69 35 69
36 69 48 69
3 70 18 70
19 70 31 70
32 70 45 70
0 71 11 71
12 71 23 71
24 71 35 71
36 71 49 71
0 72 11 72
12 72 23 72
24 72 35 72
36 72 49 72
0 73 10 73
11 73 22 73
23 73 34 73
35 73 47 73
0 74 8 74
9 74 17 74
18 74 25 74
26 74 37 74
38 74 49 74
0 75 7 75
8 75 17 75
18 75 28 75
29 75 37 75
38 75 49 75
0 76 8 76
9 76 17 76
18 76 26 76
27 76 37 76
38 76 49 76
0 77 7 77
8 77 16 77
17 77 25 77
26 77 37 77
38 77 49 77
0 78 12 78
13 78 26 78
27 78 37 78
38 78 49 78
0 79 13 79
14 79 26 79
27 79 38 79
39 79 49 79
0 80 7 80
8 80 19 80
20 80 31 80
32 80 39 80
40 80 49 80
0 81 11 81
12 81 27 81
28 81 44 81
0 82 10 82
11 82 22 82
23 82 30 82
31 82 39 82
40 82 49 82
0 83 12 83
13 83 25 83
26 83 37 83
38 83 53 83
0 84 11 84
12 84 23 84
24 84 35 84
36 84 48 84
0 85 9 85
10 85 17 85
18 85 26 85
27 85 37 85
38 85 49 85
0 86 13 86
14 86 28 86
29 86 45 86
0 87 10 87
11 87 18 87
19 87 27 87
28 87 37 87
38 87 49 87
0 88 10 88
11 88 19 88
20 88 28 88
29 88 38 88
39 88 49 88
0 89 9 89
10 89 18 89
19 89 26 89
27 89 37 89
38 89 49 89
0 90 11 90
12 90 25 90
26 90 42 90
0 91 7 91
8 91 16 91
17 91 28 91
29 91 38 91
39 91 49 91
0 92 9 92
10 92 17 92
18 92 27 92
28 92 37 92
38 92 52 92
8 93 20 93
21 93 32 93
33 93 46 93
0 93 7 94
8 94 18 94
19 94 26 94
27 94 37 94
38 94 49 94
0 95 12 95
13 95 24 95
25 95 34 95
35 95 47 95
0 96 8 96
9 96 20 96
21 96 32 96
33 96 47 96
0 97 11 97
12 97 23 97
24 97 35 97
36 97 49 97
0 98 8 98
9 98 17 98
18 98 25 98
26 98 37 98
38 98 49 98
0 99 7 99
8 99 17 99
18 99 27 99
28 99 39 99
40 99 49 99
0 100 9 100
10 100 21 100
22 100 32 100
33 100 48 100
0 101 7 101
8 101 18 101
19 101 26 101
27 101 37 101
38 101 49 101
0 102 7 102
8 102 17 102
18 102 28 102
29 102 37 102
38 102 49 102
0 103 11 103
12 103 24 103
25 103 36 103
37 103 49 103
0 104 11 104
12 104 20 104
21 104 28 104
29 104 38 104
39 104 49 104
0 105 11 105
12 105 22 105
23 105 34 105
35 105 46 105
0 106 9 106
10 106 19 106
20 106 30 106
31 106 39 106
40 106 49 106
0 107 7 107
8 107 16 107
17 107 25 107
26 107 37 107
38 107 49 107
0 108 11 108
12 108 23 108
24 108 35 108
36 108 47 108
0 109 7 109
8 109 17 109
18 109 25 109
26 109 37 109
38 109 49 109
1 110 16 110
17 110 26 110
27 110 37 110
38 110 49 110
0 111 8 111
9 111 16 111
17 111 27 111
28 111 37 111
38 111 49 111
0 112 14 112
15 112 22 112
23 112 30 112
31 112 39 112
40 112 49 112
0 113 9 113
10 113 21 113
22 113 35 113
36 113 48 113
0 114 9 114
10 114 17 114
18 114 27 114
28 114 37 114
38 114 49 114
0 115 11 115
12 115 23 115
24 115 35 115
36 115 47 115
0 116 10 116
11 116 19 116
20 116 31 116
32 116 40 116
41 116 49 116
0 117 7 117
8 117 19 117
20 117 31 117
32 117 39 117
40 117 49 117
0 118 9 118
10 118 21 118
22 118 32 118
33 118 46 118
0 119 11 119
12 119 23 119
24 119 35 119
36 119 48 119
0 120 8 120
9 120 20 120
21 120 30 120
31 120 40 120
41 120 49 120
0 121 10 121
11 121 22 121
23 121 34 121
35 121 53 121
0 122 7 122
8 122 15 122
16 122 26 122
27 122 37 122
38 122 49 122
0 123 7 123
8 123 17 123
18 123 26 123
27 123 38 123
39 123 52 123
0 124 11 124
12 124 24 124
25 124 37 124
38 124 49 124
0 125 7 125
8 125 15 125
16 125 25 125
26 125 37 125
38 125 49 125
0 126 9 126
10 126 17 126
18 126 28 126
29 126 40 126
41 126 49 126
0 127 7 127
8 127 15 127
16 127 25 127
26 127 37 127
38 127 49 127
0 128 10 128
11 128 21 128
22 128 29 128
30 128 37 128
38 128 49 128
0 129 12 129
13 129 26 129
27 129 39 129
40 129 50 129
0 130 11 130
12 130 23 130
24 130 35 130
36 130 48 130
0 131 7 131
8 131 16 131
17 131 26 131
27 131 38 131
39 131 49 131
0 132 7 132
8 132 15 132
16 132 27 132
28 132 44 132
0 133 12 133
13 133 24 133
25 133 36 133
37 133 49 133
0 134 11 134
12 134 23 134
24 134 36 134
37 134 49 134
0 135 10 135
11 135 20 135
21 135 29 135
30 135 37 135
38 135 49 135
0 136 11 136
12 136 23 136
24 136 35 136
36 136 48 136
0 137 13 137
14 137 29 137
30 137 37 137
38 137 49 137
0 138 8 138
9 138 17 138
18 138 25 138
26 138 37 138
38 138 49 138
0 139 11 139
12 139 23 139
24 139 35 139
36 139 49 139
0 140 7 140
8 140 16 140
17 140 27 140
28 140 39 140
40 140 49 140
0 141 8 141
9 141 16 141
17 141 25 141
26 141 37 141
38 141 51 141
0 142 9 142
10 142 17 142
18 142 29 142
30 142 37 142
38 142 49 142
0 143 7 143
8 143 19 143
20 143 31 143
32 143 46 143
0 144 11 144
12 144 23 144
24 144 35 144
36 144 48 144
0 145 7 145
8 145 17 145
18 145 27 145
28 145 37 145
38 145 49 145
0 146 7 146
8 146 17 146
18 146 25 146
26 146 37 146
38 146 49 146
0 147 14 147
15 147 27 147
28 147 39 147
40 147 49 147
0 148 8 148
9 148 16 148
17 148 24 148
25 148 32 148
33 148 41 148
42 148 49 148
0 149 11 149
12 149 19 149
20 149 28 149
29 149 37 149
38 149 49 149
0 150 9 150
10 150 17 150
18 150 25 150
26 150 37 150
38 150 49 150
0 151 8 151
9 151 19 151
20 151 29 151
30 151 39 151
40 151 49 151
0 152 8 152
9 152 19 152
20 152 31 152
32 152 40 152
41 152 52 152
0 153 11 153
12 153 23 153
24 153 40 153
0 154 11 154
12 154 23 154
24 154 35 154
36 154 47 154
0 155 11 155
12 155 20 155
21 155 28 155
29 155 40 155
41 155 49 155
0 156 11 156
12 156 25 156
26 156 37 156
38 156 54 156
0 157 10 157
11 157 19 157
20 157 30 157
31 157 39 157
40 157 49 157
0 158 9 158
10 158 21 158
22 158 33 158
34 158 47 158
0 159 11 159
12 159 23 159
24 159 37 159
38 159 49 159
0 160 7 160
8 160 18 160
19 160 27 160
28 160 39 160
40 160 49 160
0 161 7 161
8 161 16 161
17 161 28 161
29 161 40 161
41 161 49 161
0 162 11 162
12 162 24 162
25 162 36 162
37 162 48 162
0 163 11 163
12 163 23 163
24 163 35 163
36 163 49 163
0 164 9 164
10 164 17 164
18 164 26 164
27 164 38 164
39 164 49 164
0 165 9 165
10 165 17 165
18 165 29 165
30 165 39 165
40 165 49 165
0 166 11 166
12 166 23 166
24 166 35 166
36 166 49 166
0 167 7 167
8 167 17 167
18 167 28 167
29 167 37 167
38 167 49 167
0 168 8 168
9 168 18 168
19 168 27 168
28 168 37 168
38 168 49 168
0 169 8 169
9 169 16 169
17 169 28 169
29 169 40 169
41 169 49 169
0 170 11 170
12 170 23 170
24 170 35 170
36 170 49 170
0 171 11 171
12 171 21 171
22 171 29 171
30 171 41 171
42 171 49 171
0 172 11 172
12 172 23 172
24 172 35 172
36 172 48 172
0 173 9 173
10 173 20 173
21 173 31 173
32 173 39 173
40 173 49 173
0 174 11 174
12 174 23 174
24 174 35 174
36 174 49 174
0 175 10 175
11 175 21 175
22 175 39 175
0 176 15 176
16 176 29 176
30 176 37 176
38 176 49 176
0 177 11 177
12 177 23 177
24 177 35 177
36 177 47 177
0 178 8 178
9 178 20 178
21 178 28 178
29 178 37 178
38 178 49 178
0 179 11 179
12 179 23 179
24 179 35 179
36 179 48 179
0 180 14 180
15 180 25 180
26 180 37 180
38 180 49 180
0 181 8 181
9 181 16 181
17 181 25 181
26 181 37 181
38 181 49 181
0 182 14 182
15 182 22 182
23 182 33 182
34 182 48 182
0 183 11 183
12 183 25 183
26 183 35 183
36 183 48 183
0 184 11 184
12 184 23 184
24 184 35 184
36 184 48 184
0 185 8 185
9 185 17 185
18 185 26 185
27 185 37 185
38 185 49 185
0 186 9 186
10 186 20 186
21 186 32 186
33 186 40 186
41 186 49 186
0 187 8 187
9 187 18 187
19 187 27 187
28 187 37 187
38 187 49 187
0 188 8 188
9 188 18 188
19 188 29 188
30 188 38 188
39 188 49 188
0 189 7 189
8 189 15 189
16 189 23 189
24 189 32 189
33 189 47 189
0 190 11 190
12 190 23 190
24 190 35 190
36 190 51 190
0 191 7 191
8 191 19 191
20 191 28 191
29 191 37 191
38 191 49 191
0 192 7 192
8 192 15 192
16 192 25 192
26 192 37 192
38 192 49 192
0 193 10 193
11 193 20 193
21 193 28 193
29 193 38 193
39 193 49 193
0 194 11 194
12 194 23 194
24 194 36 194
37 194 48 194
0 195 11 195
12 195 23 195
24 195 35 195
36 195 48 195
0 196 10 196
11 196 19 196
20 196 27 196
28 196 38 196
39 196 49 196
0 197 7 197
8 197 18 197
19 197 30 197
31 197 39 197
40 197 49 197
0 198 9 198
10 198 18 198
19 198 30 198
31 198 39 198
40 198 49 198
0 199 9 199
10 199 21 199
22 199 34 199
35 199 48 199
0 200 11 200
12 200 23 200
24 200 31 200
32 200 41 200
42 200 49 200
0 201 12 201
13 201 25 201
26 201 37 201
38 201 49 201
0 202 11 202
12 202 23 202
24 202 35 202
36 202 48 202
0 203 9 203
10 203 20 203
21 203 30 203
31 203 39 203
40 203 49 203
0 204 10 204
11 204 21 204
22 204 34 204
35 204 47 204
0 205 7 205
8 205 15 205
16 205 27 205
28 205 38 205
39 205 49 205
0 206 7 206
8 206 17 206
18 206 25 206
26 206 37 206
38 206 49 206
0 207 7 207
8 207 16 207
17 207 25 207
26 207 37 207
38 207 49 207
0 208 10 208
11 208 22 208
23 208 34 208
35 208 46 208
0 209 11 209
12 209 23 209
24 209 35 209
36 209 48 209
0 210 12 210
13 210 20 210
21 210 28 210
29 210 39 210
40 210 50 210
0 211 15 211
16 211 28 211
29 211 37 211
38 211 49 211
0 212 11 212
12 212 23 212
24 212 36 212
37 212 48 212
0 213 11 213
12 213 23 213
24 213 35 213
36 213 48 213
0 214 11 214
12 214 23 214
24 214 35 214
36 214 48 214
0 215 7 215
8 215 16 215
17 215 26 215
27 215 38 215
39 215 49 215
0 216 11 216
12 216 23 216
24 216 35 216
36 216 48 216
0 217 11 217
12 217 23 217
24 217 35 217
36 217 49 217
0 218 7 218
8 218 15 218
16 218 25 218
26 218 37 218
38 218 49 218
0 219 11 219
12 219 23 219
24 219 35 219
36 219 47 219
0 220 7 220
8 220 19 220
20 220 28 220
29 220 37 220
38 220 49 220
0 221 8 221
9 221 18 221
19 221 27 221
28 221 37 221
38 221 49 221
0 222 9 222
10 222 21 222
22 222 30 222
31 222 39 222
40 222 49 222
0 223 11 223
12 223 23 223
24 223 37 223
38 223 49 223
0 224 11 224
12 224 23 224
24 224 35 224
36 224 49 224
0 225 11 225
12 225 23 225
24 225 36 225
37 225 48 225
0 226 13 226
14 226 30 226
31 226 38 226
39 226 50 226
0 227 11 227
12 227 27 227
28 227 39 227
40 227 49 227
0 228 8 228
9 228 20 228
21 228 32 228
33 228 40 228
41 228 56 228
0 229 11 229
12 229 23 229
24 229 35 229
36 229 48 229
0 230 12 230
13 230 21 230
22 230 29 230
30 230 38 230
39 230 49 230
0 231 7 231
8 231 19 231
20 231 31 231
32 231 39 231
40 231 49 231
0 232 8 232
9 232 16 232
17 232 26 232
27 232 38 232
39 232 49 232
0 233 10 233
11 233 19 233
20 233 31 233
32 233 41 233
42 233 49 233
0 234 8 234
9 234 19 234
20 234 27 234
28 234 37 234
38 234 49 234
0 235 8 235
9 235 16 235
17 235 26 235
27 235 38 235
39 235 49 235
0 236 11 236
12 236 25 236
26 236 37 236
38 236 49 236
0 237 12 237
13 237 24 237
25 237 36 237
37 237 48 237
0 238 11 238
12 238 23 238
24 238 35 238
36 238 48 238
0 239 8 239
9 239 17 239
18 239 25 239
26 239 35 239
36 239 48 239
0 240 11 240
12 240 25 240
26 240 37 240
38 240 51 240
0 241 11 241
12 241 23 241
24 241 35 241
36 241 48 241
0 242 11 242
12 242 23 242
24 242 35 242
36 242 48 242
0 243 11 243
12 243 23 243
24 243 35 243
36 243 48 243
0 244 7 244
8 244 15 244
16 244 26 244
27 244 37 244
38 244 49 244
0 245 9 245
10 245 18 245
19 245 26 245
27 245 37 245
38 245 51 245
0 246 9 246
10 246 19 246
20 246 28 246
29 246 37 246
38 246 49 246
0 247 8 247
9 247 20 247
21 247 32 247
33 247 46 247
0 248 9 248
10 248 17 248
18 248 26 248
27 248 37 248
38 248 49 248
0 249 9 249
10 249 17 249
18 249 25 249
26 249 37 249
38 249 49 249
43 0 61 0
62 0 73 0
74 0 85 0
86 0 97 0
50 1 61 1
62 1 73 1
74 1 85 1
86 1 98 1
50 2 60 2
61 2 68 2
69 2 76 2
77 2 87 2
88 2 99 2
50 3 61 3
62 3 73 3
74 3 86 3
87 3 98 3
47 4 58 4
59 4 69 4
70 4 79 4
80 4 91 4
92 4 99 4
50 5 57 5
58 5 65 5
66 5 76 5
77 5 87 5
88 5 99 5
50 6 64 6
65 6 77 6
78 6 87 6
88 6 99 6
50 7 59 7
60 7 67 7
68 7 77 7
78 7 87 7
88 7 99 7
49 8 58 8
59 8 66 8
67 8 75 8
76 8 87 8
88 8 99 8
50 9 57 9
58 9 66 9
67 9 75 9
76 9 87 9
88 9 99 9
50 10 61 10
62 10 74 10
75 10 86 10
87 10 102 10
50 11 60 11
61 11 70 11
71 11 78 11
79 11 88 11
89 11 100 11
50 12 60 12
61 12 72 12
73 12 85 12
86 12 97 12
50 13 61 13
62 13 73 13
74 13 86 13
87 13 99 13
50 14 58 14
59 14 67 14
68 14 78 14
79 14 88 14
89 14 99 14
50 15 61 15
62 15 73 15
74 15 86 15
87 15 99 15
50 16 61 16
62 16 72 16
73 16 81 16
82 16 90 16
91 16 99 16
53 17 66 17
67 17 75 17
76 17 87 17
88 17 99 17
52 18 68 18
69 18 76 18
77 18 87 18
88 18 101 18
47 19 57 19
58 19 66 19
67 19 76 19
77 19 88 19
89 19 99 19
50 20 59 20
60 20 67 20
68 20 76 20
77 20 88 20
89 20 100 20
49 21 63 21
64 21 77 21
78 21 87 21
88 21 100 21
50 22 61 22
62 22 74 22
75 22 85 22
86 22 97 22
49 23 61 23
62 23 73 23
74 23 85 23
86 23 98 23
50 24 61 24
62 24 73 24
74 24 85 24
86 24 98 24
50 25 58 25
59 25 68 25
69 25 76 25
77 25 87 25
88 25 99 25
50 26 57 26
58 26 68 26
69 26 76 26
77 26 87 26
88 26 99 26
50 27 60 27
61 27 72 27
73 27 85 27
86 27 97 27
53 28 64 28
65 28 75 28
76 28 87 28
88 28 99 28
50 29 57 29
58 29 66 29
67 29 78 29
79 29 88 29
89 29 104 29
50 30 61 30
62 30 73 30
74 30 85 30
86 30 98 30
50 31 59 31
60 31 67 31
68 31 76 31
77 31 87 31
88 31 99 31
50 32 60 32
61 32 72 32
73 32 86 32
87 32 98 32
50 33 58 33
59 33 70 33
71 33 80 33
81 33 90 33
91 33 99 33
50 34 61 34
62 34 73 34
74 34 85 34
86 34 97 34
50 35 59 35
60 35 71 35
72 35 79 35
80 35 90 35
91 35 99 35
50 36 60 36
61 36 68 36
69 36 77 36
78 36 87 36
88 36 99 36
50 37 59 37
60 37 67 37
68 37 76 37
77 37 87 37
88 37 99 37
50 38 61 38
62 38 73 38
74 38 90 38
50 39 61 39
62 39 73 39
74 39 85 39
86 39 98 39
50 40 59 40
60 40 67 40
68 40 77 40
78 40 87 40
88 40 99 40
50 41 63 41
64 41 75 41
76 41 87 41
88 41 99 41
52 42 67 42
68 42 75 42
76 42 87 42
88 42 99 42
50 43 66 43
67 43 84 43
50 44 60 44
61 44 72 44
73 44 84 44
85 44 97 44
49 45 62 45
63 45 72 45
73 45 84 45
85 45 97 45
50 46 58 46
59 46 66 46
67 46 77 46
78 46 89 46
90 46 99 46
51 47 62 47
63 47 74 47
75 47 86 47
87 47 100 47
50 48 59 48
60 48 68 48
69 48 77 48
78 48 87 48
88 48 99 48
51 49 64 49
65 49 75 49
76 49 87 49
88 49 99 49
48 50 61 50
62 50 73 50
74 50 85 50
86 50 99 50
48 51 57 51
58 51 67 51
68 51 79 51
80 51 87 51
88 51 99 51
51 52 63 52
64 52 77 52
78 52 89 52
90 52 99 52
49 53 58 53
59 53 68 53
69 53 78 53
79 53 87 53
88 53 99 53
50 54 60 54
61 54 72 54
73 54 80 54
81 54 90 54
91 54 99 54
50 55 60 55
61 55 72 55
73 55 84 55
85 55 98 55
46 56 58 56
59 56 66 56
67 56 76 56
77 56 87 56
88 56 99 56
50 57 57 57
58 57 67 57
68 57 76 57
77 57 87 57
88 57 99 57
50 58 61 58
62 58 75 58
76 58 84 58
85 58 96 58
50 59 59 59
60 59 71 59
72 59 80 59
81 59 88 59
89 59 99 59
50 60 57 60
58 60 67 60
68 60 79 60
80 60 89 60
90 60 99 60
50 61 61 61
62 61 73 61
74 61 85 61
86 61 99 61
56 62 69 62
70 62 77 62
78 62 88 62
89 62 99 62
50 63 61 63
62 63 73 63
74 63 85 63
86 63 98 63
50 64 60 64
61 64 72 64
73 64 84 64
85 64 100 64
50 65 61 65
62 65 73 65
74 65 85 65
86 65 97 65
49 66 63 66
64 66 75 66
76 66 87 66
88 66 99 66
49 67 58 67
59 67 70 67
71 67 82 67
83 67 96 67
50 68 61 68
62 68 73 68
74 68 92 68
49 69 58 69
59 69 66 69
67 69 75 69
76 69 87 69
88 69 99 69
46 70 61 70
62 70 77 70
78 70 92 70
50 71 59 71
60 71 67 71
68 71 76 71
77 71 87 71
88 71 99 71
50 72 58 72
59 72 67 72
68 72 76 72
77 72 87 72
88 72 99 72
48 73 61 73
62 73 73 73
74 73 85 73
86 73 98 73
50 74 58 74
59 74 66 74
67 74 75 74
76 74 87 74
88 74 99 74
50 75 61 75
62 75 73 75
74 75 85 75
86 75 98 75
50 76 61 76
62 76 76 76
77 76 94 76
50 77 63 77
64 77 80 77
81 77 94 77
50 78 59 78
60 78 69 78
70 78 78 78
79 78 87 78
88 78 99 78
50 79 61 79
62 79 73 79
74 79 86 79
87 79 99 79
50 80 61 80
62 80 73 80
74 80 85 80
86 80 99 80
45 81 57 81
58 81 66 81
67 81 76 81
77 81 87 81
88 81 99 81
50 82 61 82
62 82 69 82
70 82 80 82
81 82 90 82
91 82 99 82
54 83 65 83
66 83 77 83
78 83 89 83
90 83 99 83
49 84 58 84
59 84 70 84
71 84 79 84
80 84 88 84
89 84 99 84
50 85 62 85
63 85 74 85
75 85 86 85
87 85 98 85
46 86 57 86
58 86 66 86
67 86 75 86
76 86 87 86
88 86 99 86
50 87 59 87
60 87 71 87
72 87 83 87
84 87 97 87
50 88 61 88
62 88 73 88
74 88 85 88
86 88 98 88
50 89 62 89
63 89 72 89
73 89 81 89
82 89 90 89
91 89 99 89
43 90 61 90
62 90 73 90
74 90 85 90
86 90 99 90
50 91 58 91
59 91 68 91
69 91 77 91
78 91 87 91
88 91 99 91
53 92 67 92
68 92 78 92
79 92 87 92
88 92 99 92
47 93 57 93
58 93 65 93
66 93 73 93
74 93 81 93
82 93 90 93
91 93 99 93
50 94 61 94
62 94 73 94
74 94 85 94
86 94 97 94
48 95 61 95
62 95 73 95
74 95 85 95
86 95 100 95
48 96 61 96
62 96 73 96
74 96 85 96
86 96 97 96
50 97 58 97
59 97 69 97
70 97 79 97
80 97 91 97
92 97 99 97
50 98 61 98
62 98 73 98
74 98 85 98
86 98 99 98
50 99 60 99
61 99 72 99
73 99 84 99
85 99 100 99
49 100 62 100
63 100 77 100
78 100 92 100
50 101 61 101
62 101 69 101
70 101 79 101
80 101 95 101
50 102 61 102
62 102 73 102
74 102 85 102
86 102 97 102
50 103 61 103
62 103 73 103
74 103 85 103
86 103 98 103
50 104 58 104
59 104 67 104
68 104 79 104
80 104 87 104
88 104 99 104
47 105 61 105
62 105 73 105
74 105 85 105
86 105 98 105
50 106 58 106
59 106 69 106
70 106 77 106
78 106 87 106
88 106 99 106
50 107 57 107
58 107 66 107
67 107 75 107
76 107 87 107
88 107 99 107
48 108 61 108
62 108 74 108
75 108 86 108
87 108 98 108
50 109 58 109
59 109 66 109
67 109 75 109
76 109 87 109
88 109 99 109
50 110 57 110
58 110 68 110
69 110 80 110
81 110 93 110
50 111 61 111
62 111 73 111
74 111 86 111
87 111 99 111
50 112 59 112
60 112 67 112
68 112 75 112
76 112 87 112
88 112 99 112
49 113 60 113
61 113 72 113
73 113 84 113
85 113 96 113
50 114 61 114
62 114 73 114
74 114 85 114
86 114 99 114
48 115 61 115
62 115 76 115
77 115 87 115
88 115 99 115
50 116 61 116
62 116 73 116
74 116 85 116
86 116 98 116
50 117 61 117
62 117 75 117
76 117 92 117
47 118 57 118
58 118 65 118
66 118 75 118
76 118 87 118
88 118 103 118
49 119 61 119
62 119 74 119
75 119 86 119
87 119 99 119
50 120 61 120
62 120 80 120
81 120 96 120
54 121 68 121
69 121 80 121
81 121 97 121
50 122 62 122
63 122 74 122
75 122 87 122
88 122 99 122
53 123 67 123
68 123 75 123
76 123 87 123
88 123 99 123
50 124 57 124
58 124 67 124
68 124 76 124
77 124 87 124
88 124 99 124
50 125 61 125
62 125 73 125
74 125 86 125
87 125 99 125
50 126 61 126
62 126 73 126
74 126 85 126
86 126 99 126
50 127 58 127
59 127 67 127
68 127 75 127
76 127 87 127
88 127 99 127
50 128 61 128
62 128 74 128
75 128 86 128
87 128 99 128
51 129 63 129
64 129 75 129
76 129 87 129
88 129 99 129
49 130 58 130
59 130 66 130
67 130 75 130
76 130 87 130
88 130 99 130
50 131 57 131
58 131 66 131
67 131 78 131
79 131 88 131
89 131 99 131
52 132 67 132
68 132 78 132
79 132 87 132
88 132 99 132
50 133 61 133
62 133 73 133
74 133 85 133
86 133 99 133
50 134 60 134
61 134 72 134
73 134 84 134
85 134 98 134
50 135 62 135
63 135 74 135
75 135 86 135
87 135 99 135
49 136 58 136
59 136 66 136
67 136 78 136
79 136 87 136
88 136 99 136
50 137 59 137
60 137 67 137
68 137 76 137
77 137 87 137
88 137 99 137
50 138 57 138
58 138 68 138
69 138 76 138
77 138 87 138
88 138 99 138
50 139 63 139
64 139 76 139
77 139 88 139
89 139 102 139
50 140 61 140
62 140 73 140
74 140 85 140
86 140 98 140
52 141 66 141
67 141 79 141
80 141 90 141
91 141 99 141
50 142 61 142
62 142 70 142
71 142 79 142
80 142 88 142
89 142 99 142
47 143 58 143
59 143 68 143
69 143 77 143
78 143 87 143
88 143 100 143
49 144 57 144
58 144 67 144
68 144 77 144
78 144 88 144
89 144 99 144
50 145 57 145
58 145 66 145
67 145 74 145
75 145 82 145
83 145 90 145
91 145 99 145
50 146 62 146
63 146 71 146
72 146 83 146
84 146 95 146
50 147 59 147
60 147 67 147
68 147 76 147
77 147 87 147
88 147 99 147
50 148 61 148
62 148 73 148
74 148 85 148
86 148 104 148
50 149 58 149
59 149 67 149
68 149 75 149
76 149 87 149
88 149 99 149
50 150 61 150
62 150 74 150
75 150 86 150
87 150 99 150
50 151 59 151
60 151 70 151
71 151 79 151
80 151 90 151
91 151 99 151
53 152 66 152
67 152 75 152
76 152 87 152
88 152 99 152
41 153 57 153
58 153 66 153
67 153 75 153
76 153 87 153
88 153 99 153
48 154 64 154
65 154 79 154
80 154 87 154
88 154 99 154
50 155 61 155
62 155 75 155
76 155 87 155
88 155 99 155
55 156 67 156
68 156 79 156
80 156 96 156
50 157 57 157
58 157 66 157
67 157 75 157
76 157 87 157
88 157 99 157
48 158 58 158
59 158 69 158
70 158 80 158
81 158 88 158
89 158 99 158
50 159 64 159
65 159 75 159
76 159 87 159
88 159 99 159
50 160 60 160
61 160 72 160
73 160 84 160
85 160 97 160
50 161 61 161
62 161 69 161
70 161 78 161
79 161 90 161
91 161 99 161
49 162 61 162
62 162 73 162
74 162 85 162
86 162 97 162
50 163 57 163
58 163 65 163
66 163 75 163
76 163 87 163
88 163 99 163
50 164 58 164
59 164 69 164
70 164 81 164
82 164 91 164
92 164 99 164
50 165 61 165
62 165 73 165
74 165 85 165
86 165 98 165
50 166 61 166
62 166 73 166
74 166 85 166
86 166 98 166
50 167 60 167
61 167 71 167
72 167 83 167
84 167 97 167
50 168 57 168
58 168 68 168
69 168 76 168
77 168 87 168
88 168 99 168
50 169 58 169
59 169 69 169
70 169 77 169
78 169 87 169
88 169 103 169
50 170 63 170
64 170 78 170
79 170 87 170
88 170 99 170
50 171 61 171
62 171 73 171
74 171 85 171
86 171 98 171
49 172 60 172
61 172 68 172
69 172 76 172
77 172 87 172
88 172 99 172
50 173 60 173
61 173 68 173
69 173 79 173
80 173 87 173
88 173 99 173
50 174 61 174
62 174 74 174
75 174 87 174
88 174 99 174
48 175 63 175
64 175 74 175
75 175 84 175
85 175 97 175
50 176 57 176
58 176 68 176
69 176 76 176
77 176 87 176
88 176 99 176
48 177 61 177
62 177 73 177
74 177 85 177
86 177 97 177
50 178 60 178
61 178 69 178
70 178 79 178
80 178 88 178
89 178 100 178
49 179 57 179
58 179 66 179
67 179 76 179
77 179 87 179
88 179 99 179
50 180 60 180
61 180 68 180
69 180 77 180
78 180 87 180
88 180 100 180
50 181 61 181
62 181 69 181
70 181 80 181
81 181 88 181
89 181 99 181
49 182 58 182
59 182 74 182
75 182 92 182
49 183 57 183
58 183 68 183
69 183 77 183
78 183 87 183
88 183 99 183
49 184 57 184
58 184 69 184
70 184 81 184
82 184 96 184
50 185 61 185
62 185 73 185
74 185 85 185
86 185 97 185
50 186 57 186
58 186 66 186
67 186 78 186
79 186 90 186
91 186 99 186
50 187 62 187
63 187 74 187
75 187 86 187
87 187 99 187
50 188 62 188
63 188 75 188
76 188 87 188
88 188 99 188
48 189 61 189
62 189 74 189
75 189 86 189
87 189 98 189
52 190 66 190
67 190 76 190
77 190 87 190
88 190 99 190
50 191 57 191
58 191 66 191
67 191 77 191
78 191 87 191
88 191 99 191
50 192 62 192
63 192 75 192
76 192 87 192
88 192 99 192
50 193 58 193
59 193 69 193
70 193 77 193
78 193 87 193
88 193 99 193
49 194 61 194
62 194 73 194
74 194 85 194
86 194 97 194
49 195 61 195
62 195 73 195
74 195 85 195
86 195 99 195
50 196 61 196
62 196 80 196
50 197 61 197
62 197 73 197
74 197 85 197
86 197 98 197
50 198 61 198
62 198 74 198
75 198 86 198
87 198 99 198
49 199 64 199
65 199 76 199
77 199 92 199
50 200 58 200
59 200 68 200
69 200 79 200
80 200 90 200
91 200 99 200
50 201 61 201
62 201 73 201
74 201 85 201
86 201 99 201
49 202 58 202
59 202 67 202
68 202 77 202
78 202 88 202
89 202 99 202
50 203 58 203
59 203 66 203
67 203 75 203
76 203 85 203
86 203 99 203
48 204 58 204
59 204 66 204
67 204 78 204
79 204 95 204
50 205 61 205
62 205 73 205
74 205 85 205
86 205 99 205
50 206 58 206
59 206 69 206
70 206 77 206
78 206 87 206
88 206 100 206
50 207 61 207
62 207 73 207
74 207 87 207
88 207 99 207
47 208 59 208
60 208 70 208
71 208 79 208
80 208 89 208
90 208 99 208
49 209 63 209
64 209 77 209
78 209 87 209
88 209 99 209
51 210 62 210
63 210 70 210
71 210 81 210
82 210 89 210
90 210 102 210
50 211 61 211
62 211 73 211
74 211 85 211
86 211 97 211
49 212 60 212
61 212 68 212
69 212 76 212
77 212 87 212
88 212 99 212
49 213 58 213
59 213 66 213
67 213 76 213
77 213 88 213
89 213 103 213
49 214 61 214
62 214 73 214
74 214 85 214
86 214 98 214
50 215 61 215
62 215 74 215
75 215 94 215
49 216 61 216
62 216 70 216
71 216 79 216
80 216 88 216
89 216 102 216
50 217 57 217
58 217 66 217
67 217 77 217
78 217 87 217
88 217 100 217
50 218 61 218
62 218 73 218
74 218 85 218
86 218 97 218
48 219 61 219
62 219 73 219
74 219 85 219
86 219 102 219
50 220 59 220
60 220 71 220
72 220 82 220
83 220 97 220
50 221 61 221
62 221 73 221
74 221 87 221
88 221 100 221
50 222 60 222
61 222 72 222
73 222 81 222
82 222 89 222
90 222 99 222
50 223 59 223
60 223 67 223
68 223 79 223
80 223 88 223
89 223 99 223
50 224 60 224
61 224 72 224
73 224 84 224
85 224 97 224
49 225 57 225
58 225 67 225
68 225 77 225
78 225 87 225
88 225 99 225
51 226 63 226
64 226 75 226
76 226 87 226
88 226 99 226
50 227 59 227
60 227 67 227
68 227 75 227
76 227 87 227
88 227 99 227
57 228 73 228
74 228 82 228
83 228 90 228
91 228 99 228
49 229 58 229
59 229 70 229
71 229 79 229
80 229 88 229
89 229 100 229
50 230 57 230
58 230 67 230
68 230 76 230
77 230 88 230
89 230 99 230
50 231 58 231
59 231 69 231
70 231 78 231
79 231 87 231
88 231 99 231
50 232 58 232
59 232 67 232
68 232 77 232
78 232 87 232
88 232 104 232
50 233 57 233
58 233 65 233
66 233 76 233
77 233 88 233
89 233 99 233
50 234 60 234
61 234 68 234
69 234 76 234
77 234 87 234
88 234 99 234
50 235 57 235
58 235 69 235
70 235 79 235
80 235 88 235
89 235 99 235
50 236 65 236
66 236 78 236
79 236 87 236
88 236 99 236
49 237 63 237
64 237 75 237
76 237 87 237
88 237 99 237
49 238 62 238
63 239 70 238
71 238 80 238
81 238 90 238
91 238 103 238
49 239 62 239
71 239 86 239
87 239 98 239
52 240 65 240
66 240 79 240
80 240 96 240
49 241 57 241
58 241 65 241
66 241 77 241
78 241 89 241
90 241 99 241
49 242 58 242
59 242 67 242
68 242 77 242
78 242 89 242
90 242 99 242
49 243 62 243
63 243 74 243
75 243 86 243
87 243 99 243
50 244 61 244
62 244 73 244
74 244 85 244
86 244 97 244
52 245 68 245
69 245 78 245
79 245 87 245
88 245 99 245
50 246 61 246
62 246 73 246
74 246 85 246
86 246 98 246
47 247 59 247
60 247 67 247
68 247 77 247
78 247 87 247
88 247 99 247
50 248 57 248
58 248 66 248
67 248 75 248
76 248 87 248
88 248 99 248
50 249 61 249
62 249 73 249
74 249 85 249
86 249 103 249
98 0 111 0
112 0 120 0
121 0 128 0
129 0 138 0
139 0 149 0
99 1 111 1
112 1 123 1
124 1 135 1
136 1 149 1
100 2 107 2
108 2 116 2
117 2 125 2
126 2 137 2
138 2 149 2
99 3 110 3
111 3 119 3
120 3 127 3
128 3 137 3
138 3 149 3
100 4 107 4
108 4 118 4
119 4 130 4
131 4 138 4
139 4 149 4
100 5 108 5
109 5 116 5
117 5 126 5
127 5 134 5
135 5 146 5
100 6 108 6
109 6 117 6
118 6 129 6
130 6 141 6
142 6 149 6
100 7 107 7
108 7 115 7
116 7 125 7
126 7 137 7
138 7 149 7
100 8 111 8
112 8 123 8
124 8 135 8
136 8 147 8
100 9 110 9
111 9 122 9
123 9 130 9
131 9 139 9
140 9 149 9
103 10 118 10
119 10 128 10
129 10 137 10
138 10 149 10
101 11 115 11
116 11 125 11
126 11 137 11
138 11 149 11
98 12 115 12
129 12 144 12
100 13 111 13
112 13 123 13
124 13 135 13
136 13 147 13
100 14 107 14
108 14 117 14
118 14 128 14
129 14 137 14
138 14 149 14
100 15 107 15
108 15 118 15
119 15 128 15
129 15 139 15
140 15 149 15
100 16 111 16
112 16 124 16
125 16 136 16
137 16 148 16
100 17 111 17
112 17 127 17
128 17 144 17
102 18 116 18
117 18 125 18
126 18 137 18
138 18 149 18
100 19 107 19
108 19 115 19
116 19 125 19
126 19 137 19
138 19 149 19
101 20 113 20
114 20 123 20
124 20 135 20
136 20 149 20
101 21 112 21
113 21 124 21
125 21 136 21
137 21 148 21
98 22 111 22
112 22 123 22
124 22 135 22
136 22 147 22
99 23 111 23
112 23 123 23
124 23 135 23
136 23 148 23
99 24 111 24
112 24 123 24
124 24 135 24
136 24 147 24
100 25 111 25
112 25 123 25
124 25 135 25
136 25 147 25
100 26 108 26
109 26 116 26
117 26 125 26
126 26 137 26
138 26 149 26
98 27 107 27
108 27 117 27
118 27 126 27
127 27 137 27
138 27 149 27
100 28 111 28
112 28 125 28
126 28 144 28
105 29 121 29
122 29 133 29
134 29 148 29
99 30 111 30
112 30 123 30
124 30 135 30
136 30 149 30
100 31 107 31
108 31 116 31
117 31 128 31
129 31 137 31
138 31 149 31
99 32 110 32
111 32 122 32
123 32 135 32
136 32 149 32
100 33 107 33
108 33 116 33
117 33 133 33
98 34 107 34
108 34 115 34
116 34 125 34
126 34 137 34
138 34 149 34
100 35 109 35
110 35 121 35
122 35 133 35
134 35 147 35
100 36 107 36
108 36 119 36
120 36 130 36
131 36 140 36
141 36 149 36
100 37 110 37
111 37 119 37
120 37 128 37
129 37 137 37
138 37 149 37
91 38 108 38
109 38 120 38
121 38 128 38
129 38 137 38
138 38 149 38
99 39 109 39
110 39 117 39
118 39 126 39
127 39 137 39
138 39 149 39
100 40 111 40
112 40 123 40
124 40 135 40
136 40 148 40
100 41 107 41
108 41 116 41
117 41 127 41
128 41 137 41
138 41 149 41
100 42 111 42
112 42 123 42
124 42 135 42
136 42 148 42
89 43 107 43
108 43 115 43
116 43 125 43
126 43 137 43
138 43 149 43
98 44 108 44
109 44 117 44
118 44 125 44
126 44 137 44
138 44 149 44
98 45 107 45
108 45 115 45
116 45 125 45
126 45 137 45
138 45 149 45
100 46 107 46
108 46 116 46
117 46 125 46
126 46 137 46
138 46 149 46
101 47 115 47
116 47 125 47
126 47 137 47
138 47 149 47
100 48 107 48
108 48 116 48
117 48 126 48
127 48 137 48
138 48 149 48
100 49 109 49
110 49 121 49
122 49 129 49
130 49 138 49
139 49 149 49
100 50 111 50
112 50 123 50
124 50 135 50
136 50 148 50
100 51 108 51
109 51 119 51
120 51 128 51
129 51 137 51
138 51 149 51
100 52 108 52
109 52 116 52
117 52 126 52
127 52 137 52
138 52 149 52
100 53 107 53
108 53 115 53
116 53 125 53
126 53 137 53
138 53 149 53
100 54 111 54
112 54 123 54
124 54 135 54
136 54 148 54
99 55 111 55
112 55 123 55
124 55 135 55
136 55 147 55
100 56 109 56
110 56 117 56
118 56 126 56
127 56 137 56
138 56 149 56
100 57 109 57
110 57 121 57
122 57 130 57
131 57 140 57
141 57 149 57
97 58 107 58
108 58 115 58
116 58 125 58
126 58 137 58
138 58 149 58
100 59 109 59
110 59 117 59
118 59 129 59
130 59 138 59
139 59 149 59
100 60 114 60
115 60 128 60
129 60 137 60
138 60 149 60
100 61 112 61
113 61 122 61
123 61 130 61
131 61 139 61
140 61 149 61
100 62 111 62
112 62 123 62
124 62 135 62
136 62 147 62
99 63 110 63
111 63 119 63
120 63 130 63
131 63 138 63
139 63 149 63
101 64 114 64
115 64 127 64
128 64 138 64
139 64 149 64
98 65 112 65
113 65 120 65
121 65 128 65
129 65 137 65
138 65 149 65
100 66 107 66
108 66 117 66
118 66 129 66
130 66 141 66
142 66 149 66
97 67 111 67
112 67 123 67
124 67 135 67
136 67 148 67
93 68 110 68
111 68 122 68
123 68 134 68
135 68 147 68
100 69 108 69
109 69 117 69
118 69 129 69
130 69 138 69
139 69 149 69
93 70 111 70
117 70 133 70
134 70 146 70
100 71 110 71
111 71 122 71
123 71 134 71
135 71 147 71
100 72 108 72
109 72 116 72
117 72 125 72
126 72 137 72
138 72 149 72
99 73 108 73
109 73 121 73
122 73 134 73
135 73 148 73
100 74 108 74
109 74 119 74
120 74 129 74
130 74 138 74
139 74 149 74
99 75 111 75
112 75 120 75
121 75 128 75
129 75 137 75
138 75 149 75
95 76 113 76
114 76 121 76
122 76 131 76
132 76 145 76
95 77 107 77
108 77 118 77
119 77 130 77
131 77 146 77
100 78 110 78
111 78 122 78
123 78 134 78
135 78 147 78
100 79 112 79
113 79 129 79
130 79 140 79
141 79 149 79
100 80 111 80
112 80 124 80
125 80 136 80
137 80 148 80
100 81 113 81
114 81 134 81
100 82 107 82
108 82 116 82
117 82 128 82
129 82 137 82
138 82 149 82
100 83 110 83
111 83 118 83
119 83 126 83
127 83 137 83
138 83 149 83
100 84 110 84
111 84 118 84
119 84 127 84
128 84 137 84
138 84 149 84
99 85 112 85
113 85 124 85
125 85 136 85
137 85 149 85
100 86 109 86
110 86 117 86
118 86 128 86
129 86 137 86
138 86 149 86
98 87 110 87
111 87 122 87
123 87 134 87
135 87 148 87
99 88 109 88
110 88 119 88
120 88 127 88
128 88 137 88
138 88 149 88
100 89 111 89
112 90 120 89
121 89 129 89
130 89 139 89
140 89 149 89
121 90 133 90
134 90 146 90
100 90 107 91
108 91 119 91
120 91 131 91
132 91 144 91
100 92 111 92
112 92 123 92
124 92 135 92
136 92 148 92
100 93 111 93
112 93 123 93
124 93 135 93
136 93 148 93
98 94 108 94
109 94 117 94
118 94 126 94
127 94 138 94
139 94 149 94
101 95 114 95
115 95 125 95
126 95 137 95
138 95 149 95
98 96 109 96
110 96 117 96
118 96 126 96
127 96 137 96
138 96 149 96
100 97 107 97
108 97 119 97
120 97 128 97
129 97 137 97
138 97 149 97
100 98 111 98
112 98 119 98
120 98 128 98
129 98 137 98
138 98 149 98
101 99 117 99
118 99 125 99
126 99 137 99
138 99 149 99
93 100 108 100
109 100 119 100
120 100 128 100
129 100 137 100
138 100 149 100
96 101 107 101
108 101 117 101
118 101 125 101
126 101 137 101
138 101 149 101
98 102 108 102
109 102 117 102
118 102 129 102
130 102 138 102
139 102 149 102
99 103 110 103
111 103 122 103
123 103 134 103
135 103 148 103
100 104 107 104
108 104 117 104
118 104 125 104
126 104 137 104
138 104 149 104
99 105 111 105
112 105 126 105
127 105 138 105
139 105 149 105
100 106 109 106
110 106 119 106
120 106 127 106
128 106 137 106
138 106 149 106
100 107 107 107
108 107 117 107
118 107 128 107
129 107 139 107
140 107 149 107
99 108 109 108
110 108 118 108
119 108 128 108
129 108 136 108
137 108 149 108
100 109 111 109
112 109 125 109
126 109 137 109
138 109 149 109
94 110 110 110
111 110 122 110
123 110 139 110
100 111 111 111
112 111 123 111
124 111 135 111
136 111 148 111
100 112 111 112
112 112 123 112
124 112 135 112
136 112 149 112
97 113 111 113
112 113 122 113
123 113 131 113
132 113 140 113
141 113 149 113
100 114 112 114
113 114 122 114
123 114 131 114
132 114 141 114
142 114 149 114
100 115 111 115
112 115 123 115
124 115 135 115
136 115 148 115
99 116 108 116
109 116 117 116
118 116 129 116
130 116 138 116
139 116 150 116
93 117 111 117
112 117 123 117
124 117 135 117
136 117 148 117
104 118 118 118
119 118 126 118
127 118 137 118
138 118 149 118
100 119 107 119
108 119 115 119
116 119 125 119
126 119 137 119
138 119 149 119
97 120 111 120
112 120 123 120
124 120 135 120
136 120 148 120
98 121 115 121
117 121 132 121
133 121 140 121
141 121 149 121
100 122 108 122
109 122 117 122
118 122 129 122
130 122 139 122
140 122 149 122
100 123 109 123
110 123 121 123
122 123 133 123
134 123 146 123
100 124 108 124
109 124 116 124
117 124 125 124
126 124 137 124
138 124 149 124
100 125 107 125
108 125 118 125
119 125 127 125
128 125 138 125
139 125 149 125
100 126 111 126
112 126 123 126
124 126 135 126
136 126 148 126
100 127 111 127
112 127 123 127
124 127 135 127
136 127 147 127
100 128 111 128
112 128 123 128
124 128 135 128
136 128 149 128
100 129 107 129
108 129 117 129
118 129 126 129
127 129 137 129
138 129 150 129
100 130 109 130
110 130 118 130
119 130 128 130
129 130 137 130
138 130 149 130
100 131 108 131
109 131 117 131
118 131 125 131
126 131 137 131
138 131 149 131
100 132 108 132
109 132 117 132
118 132 127 132
128 132 137 132
138 132 149 132
100 133 114 133
115 133 123 133
124 133 133 133
134 133 141 133
142 133 149 133
99 134 107 134
108 134 118 134
119 134 126 134
127 134 137 134
138 134 149 134
100 135 107 135
108 135 118 135
119 135 126 135
127 135 137 135
138 135 151 135
100 136 110 136
111 136 119 136
120 136 127 136
128 136 137 136
138 136 149 136
100 137 107 137
108 137 116 137
117 137 124 137
125 137 132 137
133 137 140 137
141 137 149 137
100 138 111 138
112 138 123 138
124 138 135 138
136 138 148 138
103 139 115 139
116 139 125 139
126 139 137 139
138 139 149 139
99 140 109 140
110 140 119 140
120 140 127 140
128 140 137 140
138 140 150 140
100 141 113 141
114 141 125 141
126 141 137 141
138 141 149 141
100 142 110 142
111 142 122 142
123 142 134 142
135 142 149 142
101 143 112 143
113 143 120 143
121 143 129 143
130 143 140 143
141 143 149 143
100 144 111 144
112 144 123 144
124 144 135 144
136 144 148 144
100 145 109 145
110 145 121 145
122 145 130 145
131 145 147 145
96 146 107 146
108 146 115 146
116 146 126 146
127 146 137 146
138 146 149 146
100 147 107 147
108 147 115 147
116 147 125 147
126 147 137 147
138 147 149 147
106 148 121 148
122 148 133 148
134 148 148 148
100 149 109 149
110 149 117 149
118 149 127 149
128 149 137 149
138 149 150 149
100 150 109 150
110 150 121 150
122 150 129 150
130 150 144 150
100 151 111 151
112 151 123 151
124 151 135 151
136 151 148 151
100 152 110 152
111 152 118 152
119 152 128 152
129 152 140 152
141 152 149 152
100 153 111 153
112 153 123 153
124 153 136 153
137 153 149 153
100 155 107 154
108 154 116 154
117 154 127 154
128 154 137 154
138 154 149 154
108 155 122 155
123 155 134 155
135 155 148 155
97 156 109 156
110 156 118 156
119 156 130 156
131 156 145 156
100 157 110 157
111 157 122 157
123 157 134 157
135 157 147 157
100 159 107 158
108 158 117 158
118 158 126 158
127 158 136 158
137 158 149 158
108 159 119 159
120 159 128 159
129 159 137 159
138 159 149 159
98 160 108 160
109 160 119 160
120 160 129 160
130 160 140 160
141 160 149 160
100 161 109 161
110 161 118 161
119 161 126 161
127 161 137 161
138 161 149 161
98 162 109 162
110 162 117 162
118 162 125 162
126 162 137 162
138 162 149 162
100 163 111 163
112 163 126 163
127 163 143 163
100 164 111 164
112 164 123 164
124 164 135 164
136 164 148 164
99 165 108 165
109 165 118 165
119 165 128 165
129 165 140 165
141 165 149 165
99 166 111 166
112 166 124 166
125 166 136 166
137 166 148 166
98 167 110 167
111 167 119 167
120 167 128 167
129 167 137 167
138 167 149 167
100 168 107 168
108 168 116 168
117 168 128 168
129 168 138 168
139 168 149 168
104 169 119 169
120 169 137 169
100 170 111 170
112 170 123 170
124 170 135 170
136 170 148 170
99 171 109 171
110 171 120 171
121 171 128 171
129 171 137 171
138 171 149 171
100 172 111 172
112 172 124 172
125 172 136 172
137 172 149 172
100 173 111 173
112 173 120 173
121 173 130 173
131 173 139 173
140 173 149 173
100 174 111 174
112 174 124 174
125 174 140 174
98 175 109 175
110 175 121 175
122 175 130 175
131 175 140 175
141 174 149 175
100 176 110 176
111 176 118 176
119 176 126 176
127 176 137 176
138 176 149 176
98 177 112 177
113 177 125 177
126 177 137 177
138 177 149 177
101 178 118 178
119 178 130 178
131 178 144 178
100 179 111 179
112 179 123 179
124 179 135 179
136 179 149 179
101 180 114 180
115 180 125 180
126 180 137 180
138 180 149 180
100 181 111 181
112 181 124 181
125 181 136 181
137 181 148 181
93 182 108 182
109 182 116 182
117 182 125 182
126 182 137 182
138 182 149 182
100 183 112 183
113 183 121 183
122 183 129 183
130 183 137 183
138 183 149 183
97 184 111 184
112 184 125 184
126 184 140 184
141 184 149 184
98 185 109 185
110 185 121 185
122 185 133 185
134 185 147 185
100 186 108 186
109 186 117 186
118 186 129 186
130 186 138 186
139 186 153 186
100 187 107 187
108 187 117 187
118 187 127 187
128 187 137 187
138 187 149 187
100 188 109 188
110 188 118 188
119 188 127 188
128 188 138 188
139 188 149 188
99 189 107 189
108 189 118 189
119 189 127 189
128 189 137 189
138 189 149 189
100 190 111 190
112 190 123 190
124 190 135 190
136 190 148 190
100 191 107 191
108 191 117 191
118 191 126 191
127 191 137 191
138 191 149 191
100 192 108 192
109 192 119 192
120 192 131 192
132 192 140 192
141 192 149 192
100 193 107 193
108 193 115 193
116 193 125 193
126 193 137 193
138 193 149 193
98 194 111 194
112 194 128 194
129 194 145 194
100 195 107 195
108 195 115 195
116 195 127 195
128 195 137 195
138 195 149 195
89 196 107 196
108 196 115 196
116 196 125 196
126 196 137 196
138 196 149 196
99 197 109 197
110 197 118 197
119 197 130 197
131 197 145 197
100 198 112 198
113 198 120 198
121 198 128 198
129 198 139 198
140 198 149 198
93 199 110 199
111 199 118 199
119 199 129 199
130 199 140 199
141 199 149 199
100 200 109 200
110 200 117 200
118 200 126 200
127 200 137 200
138 200 149 200
100 201 107 201
108 201 118 201
119 201 126 201
127 201 137 201
138 201 149 201
100 202 109 202
110 202 118 202
119 202 130 202
131 202 138 202
139 202 149 202
100 203 107 203
108 203 116 203
117 203 126 203
127 203 137 203
138 203 149 203
96 204 108 204
109 204 119 204
120 204 127 204
128 204 138 204
139 204 149 204
100 205 108 205
109 205 117 205
118 205 126 205
127 205 137 205
138 205 149 205
101 206 113 206
114 206 123 206
124 206 131 206
132 206 139 206
140 206 149 206
100 207 107 207
108 207 116 207
117 207 126 207
127 207 134 207
135 207 147 207
100 208 107 208
108 208 116 208
117 208 125 208
126 208 137 208
138 208 149 208
100 209 107 209
108 209 115 209
116 209 125 209
126 209 137 209
138 209 149 209
103 210 118 210
119 210 126 210
127 210 137 210
138 210 149 210
98 211 107 211
108 211 115 211
116 211 125 211
126 211 137 211
138 211 149 211
100 212 107 212
108 212 115 212
116 212 125 212
126 212 137 212
138 212 149 212
104 213 119 213
120 213 128 213
129 213 137 213
138 213 149 213
99 214 108 214
109 214 120 214
121 214 129 214
130 214 137 214
138 214 149 214
95 215 108 215
109 215 119 215
120 215 129 215
130 215 139 215
140 215 149 215
103 216 118 216
119 216 126 216
127 216 138 216
139 216 149 216
101 217 113 217
114 217 125 217
126 217 137 217
138 217 150 217
98 218 110 218
111 218 122 218
123 218 130 218
131 218 138 218
139 218 149 218
103 219 116 219
117 219 125 219
126 219 137 219
138 219 149 219
98 220 108 220
109 220 117 220
118 220 129 220
130 220 137 220
138 220 149 220
101 221 113 221
114 221 123 221
124 221 131 221
132 221 139 221
140 221 149 221
100 222 110 222
111 222 121 222
122 222 133 222
134 222 147 222
100 223 109 223
110 223 118 223
119 223 127 223
128 223 137 223
138 223 149 223
98 224 107 224
108 224 117 224
118 224 125 224
126 224 137 224
138 224 149 224
100 225 108 225
109 225 118 225
119 225 127 225
128 225 137 225
138 225 149 225
100 226 110 226
111 226 122 226
123 226 134 226
135 226 146 226
100 227 108 227
109 227 117 227
118 227 125 227
126 227 137 227
138 227 149 227
100 228 107 228
108 228 116 228
117 228 126 228
127 228 137 228
138 228 149 228
101 229 112 229
113 229 124 229
125 229 138 229
139 229 149 229
100 230 107 230
108 230 116 230
117 230 125 230
126 230 137 230
138 230 149 230
100 231 110 231
111 231 122 231
123 231 134 231
135 231 147 231
105 232 121 232
122 232 133 232
134 232 148 232
100 233 110 233
111 233 118 233
119 233 127 233
128 233 137 233
138 233 149 233
100 234 111 234
112 234 124 234
125 234 136 234
137 234 148 234
100 235 107 235
108 235 117 235
118 235 126 235
127 235 135 235
136 235 149 235
100 236 108 236
109 236 116 236
117 236 125 236
126 236 137 236
138 236 149 236
100 237 111 237
112 237 123 237
124 237 136 237
137 237 149 237
104 238 120 238
121 238 132 238
133 238 145 238
99 239 111 239
112 239 119 239
120 239 127 239
128 239 137 239
138 239 149 239
97 240 111 240
112 240 123 240
124 240 135 240
136 240 147 240
100 241 108 241
109 241 117 241
118 241 125 241
126 241 137 241
138 241 149 241
100 242 111 242
112 242 119 242
120 242 127 242
128 242 138 242
139 242 149 242
100 243 107 243
108 243 119 243
120 243 131 243
132 243 147 243
98 244 109 244
110 244 121 244
122 244 133 244
134 244 146 244
100 245 111 245
112 245 119 245
120 245 131 245
132 245 148 245
99 246 112 246
113 246 124 246
125 246 137 246
138 246 149 246
100 247 107 247
108 247 116 247
117 247 125 247
126 247 137 247
138 247 149 247
100 248 111 248
112 248 123 248
124 248 135 248
136 248 148 248
104 249 119 249
120 249 127 249
128 249 139 249
140 249 149 249
150 0 162 0
163 0 174 0
175 0 187 0
188 0 199 0
150 1 157 1
158 1 165 1
166 1 177 1
178 1 193 1
150 2 161 2
162 2 173 2
174 2 187 2
188 2 199 2
150 3 157 3
158 3 169 3
170 3 177 3
178 3 187 3
188 3 199 3
150 4 160 4
161 4 172 4
173 4 181 4
182 4 189 4
190 4 199 4
147 5 161 5
162 5 173 5
174 5 185 5
186 5 199 5
150 6 157 6
158 6 169 6
170 6 178 6
179 6 187 6
188 6 199 6
150 7 157 7
158 7 166 7
167 7 176 7
177 7 187 7
188 7 199 7
148 8 160 8
161 8 172 8
173 8 184 8
185 8 199 8
150 9 157 9
158 9 167 9
168 9 176 9
177 9 187 9
188 9 199 9
150 10 163 10
164 10 177 10
178 10 187 10
188 10 199 10
150 11 157 11
158 11 165 11
166 11 176 11
177 11 187 11
188 11 199 11
145 12 160 12
161 12 172 12
173 12 184 12
185 12 199 12
148 13 157 13
158 13 168 13
169 13 177 13
178 13 187 13
188 13 199 13
150 14 160 14
161 14 173 14
174 14 185 14
186 14 199 14
150 15 160 15
161 15 168 15
169 15 177 15
178 15 187 15
188 15 199 15
149 16 161 16
162 16 173 16
174 16 185 16
186 16 199 16
145 17 159 17
160 17 176 17
177 17 191 17
192 17 199 17
150 18 160 18
161 18 172 18
173 18 182 18
183 18 199 18
150 19 157 19
158 19 166 19
167 19 175 19
176 19 187 19
188 19 199 19
150 20 166 20
167 20 182 20
183 20 191 20
192 20 199 20
149 21 161 21
162 21 173 21
174 21 185 21
186 21 199 21
148 22 158 22
159 22 167 22
168 22 178 22
179 22 190 22
191 22 199 22
149 23 159 23
160 23 171 23
172 23 183 23
184 23 199 23
148 24 159 24
160 24 171 24
172 24 189 24
148 25 161 25
162 25 172 25
173 25 184 25
185 25 199 25
150 26 161 26
162 26 173 26
174 26 185 26
186 26 199 26
150 27 158 27
159 27 166 27
167 27 175 27
176 27 184 27
185 27 199 27
145 28 161 28
162 28 173 28
174 28 185 28
186 28 199 28
149 29 161 29
162 29 175 29
176 29 189 29
190 29 199 29
150 30 157 30
158 30 165 30
166 30 173 30
174 30 181 30
182 30 189 30
190 30 199 30
150 31 157 31
158 31 166 31
167 31 178 31
179 31 187 31
188 31 199 31
150 32 164 32
165 32 179 32
180 32 191 32
192 32 199 32
142 33 161 33
170 33 185 33
186 33 199 33
150 34 159 34
160 34 167 34
168 34 175 34
176 34 187 34
188 34 199 34
148 35 161 35
162 35 173 35
174 35 185 35
186 35 199 35
150 36 159 36
160 36 167 36
168 36 178 36
179 36 194 36
150 37 161 37
162 37 176 37
177 37 189 37
190 37 199 37
150 38 157 38
158 38 165 38
166 38 174 38
175 38 184 38
185 38 199 38
150 39 157 39
158 39 166 39
167 39 178 39
179 39 187 39
188 39 199 39
149 40 161 40
162 40 172 40
173 40 180 40
181 40 189 40
190 40 199 40
150 41 165 41
166 41 177 41
178 41 194 41
149 42 159 42
160 42 171 42
172 42 179 42
180 42 187 42
188 42 199 42
150 43 161 43
162 43 174 43
175 43 186 43
187 43 199 43
150 44 157 44
158 44 165 44
166 44 175 44
176 44 187 44
188 44 199 44
150 45 157 45
158 45 167 45
168 45 179 45
180 45 189 45
190 45 199 45
150 46 161 46
162 46 173 46
174 46 185 46
186 46 199 46
150 47 159 47
160 47 168 47
169 47 176 47
177 47 187 47
188 47 199 47
150 48 162 48
163 48 174 48
175 48 187 48
188 48 199 48
150 49 158 49
159 49 168 49
169 49 177 49
178 49 188 49
189 49 199 49
149 50 157 50
158 50 165 50
166 50 175 50
176 50 187 50
188 50 199 50
150 51 161 51
162 51 173 51
174 51 185 51
186 51 199 51
150 52 160 52
161 52 172 52
173 52 184 52
185 52 199 52
150 53 161 53
162 53 173 53
174 53 185 53
186 53 199 53
149 54 162 54
163 54 174 54
175 54 186 54
187 54 199 54
148 55 157 55
158 55 165 55
166 55 175 55
176 55 187 55
188 55 199 55
150 56 162 56
163 56 171 56
172 56 180 56
181 56 188 56
189 56 199 56
150 57 157 57
158 57 165 57
166 57 175 57
176 57 187 57
188 57 199 57
150 58 159 58
160 58 169 58
170 58 177 58
178 58 187 58
188 58 199 58
150 59 161 59
162 59 173 59
174 59 185 59
186 59 199 59
150 60 161 60
162 60 173 60
174 60 185 60
186 60 199 60
150 61 162 61
163 61 171 61
172 61 179 61
180 61 187 61
188 61 199 61
148 62 157 62
158 62 165 62
166 62 175 62
176 62 187 62
188 62 199 62
150 63 157 63
158 63 166 63
167 63 178 63
179 63 187 63
188 63 199 63
150 64 157 64
158 64 166 64
167 64 177 64
178 64 187 64
188 64 199 64
150 65 161 65
162 65 173 65
174 65 191 65
150 66 161 66
162 66 169 66
170 66 179 66
180 66 187 66
188 66 199 66
149 67 159 67
160 67 176 67
177 67 191 67
192 68 199 67
148 68 161 68
162 68 173 68
174 68 190 68
150 69 161 69
162 69 173 69
174 69 186 69
187 69 199 69
147 70 161 70
162 70 173 70
174 70 185 70
186 70 199 70
148 71 159 71
160 71 168 71
169 71 176 71
177 71 187 71
188 71 199 71
150 72 157 72
158 72 165 72
166 72 176 72
177 72 188 72
189 72 199 72
149 73 162 73
163 73 170 73
171 73 179 73
180 73 187 73
188 73 199 73
150 74 158 74
159 74 170 74
171 74 182 74
183 74 199 74
150 75 158 75
159 75 166 75
167 75 178 75
179 75 187 75
188 75 199 75
146 76 158 76
159 76 170 76
171 76 179 76
180 76 190 76
191 76 199 76
147 77 164 77
165 77 175 77
176 77 187 77
188 77 199 77
148 78 161 78
162 78 173 78
174 78 185 78
186 78 199 78
150 79 157 79
158 79 165 79
166 79 175 79
176 79 187 79
188 79 199 79
149 80 157 80
158 80 166 80
167 80 175 80
176 80 187 80
188 80 199 80
139 81 157 81
158 81 165 81
166 81 175 81
176 81 187 81
188 81 199 81
150 82 157 82
158 82 169 82
170 82 179 82
180 82 187 82
188 82 199 82
150 83 157 83
158 83 168 83
169 83 179 83
180 83 188 83
189 83 199 83
150 84 161 84
162 84 176 84
177 84 199 84
150 85 158 85
159 85 167 85
168 85 176 85
177 85 187 85
188 85 199 85
150 86 161 86
162 86 173 86
174 86 185 86
186 86 199 86
149 87 161 87
162 87 174 87
175 87 188 87
189 87 199 87
150 88 157 88
158 88 165 88
166 88 174 88
175 88 186 88
187 88 199 88
150 89 161 89
162 89 170 89
171 89 179 89
180 89 187 89
188 89 199 89
147 90 161 90
162 90 173 90
174 90 185 90
186 90 199 90
145 91 157 91
158 91 168 91
169 91 176 91
177 91 187 91
188 91 199 91
149 92 160 92
161 92 171 92
172 92 179 92
180 92 189 92
190 92 199 92
149 93 160 93
161 93 170 93
171 93 178 93
179 93 189 93
190 93 199 93
150 94 157 94
158 94 165 94
166 94 176 94
177 94 187 94
188 94 199 94
150 95 161 95
162 95 173 95
174 95 185 95
186 95 199 95
150 96 163 96
164 96 175 96
176 96 187 96
188 96 199 96
150 97 157 97
158 97 165 97
166 97 175 97
176 97 187 97
188 97 199 97
150 98 159 98
160 98 171 98
172 98 183 98
184 98 199 98
150 99 161 99
162 99 173 99
174 99 185 99
186 99 199 99
150 100 160 100
161 100 172 100
173 100 184 100
185 100 199 100
150 101 160 101
161 101 172 101
173 101 180 101
181 101 189 101
190 101 199 101
150 102 158 102
159 102 166 102
167 102 175 102
176 102 187 102
188 102 199 102
149 103 158 103
159 103 166 103
167 103 175 103
176 103 187 103
188 103 199 103
150 104 158 104
159 104 170 104
171 104 182 104
183 104 199 104
150 105 161 105
162 105 173 105
174 105 186 105
187 105 199 105
150 106 157 106
158 106 166 106
167 106 175 106
176 106 187 106
188 106 199 106
150 107 159 107
160 107 167 107
168 107 178 107
179 107 190 107
191 107 199 107
150 108 157 108
158 108 167 108
168 108 175 108
176 108 187 108
188 108 199 108
150 109 161 109
162 109 175 109
176 109 187 109
188 109 199 109
145 110 161 110
162 110 173 110
174 110 185 110
186 110 199 110
149 111 158 111
159 111 170 111
171 111 182 111
183 111 199 111
150 112 161 112
162 112 173 112
174 112 185 112
186 112 199 112
150 113 157 113
158 113 167 113
168 113 176 113
177 113 187 113
188 113 199 113
150 114 162 114
163 114 174 114
175 114 186 114
187 114 199 114
149 115 158 115
159 115 169 115
170 115 177 115
178 115 187 115
188 115 199 115
151 116 163 116
164 116 174 116
175 116 182 116
183 116 190 116
191 116 199 116
149 117 160 117
161 117 172 117
173 117 184 117
185 117 199 117
150 118 157 118
158 118 168 118
169 118 176 118
177 118 187 118
188 118 199 118
150 119 159 119
160 119 167 119
168 119 177 119
178 119 188 119
189 119 199 119
149 120 161 120
162 120 173 120
174 120 185 120
186 120 199 120
150 121 157 121
158 121 167 121
168 121 178 121
179 121 188 121
189 121 199 121
150 122 160 122
161 122 172 122
173 122 184 122
185 122 199 122
147 123 159 123
160 123 171 123
172 123 183 123
184 123 199 123
150 124 165 124
166 124 181 124
182 124 199 124
150 125 157 125
158 125 167 125
168 125 175 125
176 125 187 125
188 125 199 125
149 126 158 126
159 126 167 126
168 126 175 126
176 126 187 126
188 126 199 126
148 127 157 127
158 127 165 127
166 127 175 127
176 127 187 127
188 127 199 127
150 128 158 128
159 128 166 128
167 128 175 128
176 128 187 128
188 128 199 128
151 129 163 129
164 129 177 129
178 129 199 129
150 130 157 130
158 130 165 130
166 130 175 130
176 130 187 130
188 130 199 130
150 131 157 131
158 131 169 131
170 131 178 131
179 131 188 131
189 131 199 131
150 132 157 132
158 132 166 132
167 132 181 132
182 132 199 132
150 133 161 133
162 133 173 133
174 133 185 133
186 133 199 133
150 134 159 134
160 134 168 134
169 134 177 134
178 134 187 134
188 134 199 134
152 135 163 135
164 135 175 135
176 135 187 135
188 135 199 135
150 136 158 136
159 136 170 136
171 136 179 136
180 136 195 136
150 137 157 137
158 137 167 137
168 137 175 137
176 137 187 137
188 137 199 137
149 138 158 138
159 138 170 138
171 138 178 138
179 138 189 138
190 138 199 138
150 139 160 139
161 139 171 139
172 140 179 139
180 139 187 139
188 139 199 139
151 140 167 140
180 140 199 140
150 141 161 141
162 141 174 141
175 141 196 141
150 142 157 142
158 142 167 142
168 142 176 142
177 142 187 142
188 142 199 142
150 143 158 143
159 143 167 143
168 143 179 143
180 143 187 143
188 143 199 143
149 144 161 144
162 144 173 144
174 144 185 144
186 144 199 144
148 145 157 145
158 145 167 145
168 145 175 145
176 145 183 145
184 145 191 145
192 145 199 145
150 146 159 146
160 146 168 146
169 146 177 146
178 146 187 146
188 146 199 146
150 147 159 147
160 147 170 147
171 147 178 147
179 147 187 147
188 147 199 147
149 148 157 148
158 148 167 148
168 148 177 148
178 148 187 148
188 148 199 148
151 149 163 149
164 149 176 149
177 149 189 149
190 149 199 149
145 150 157 150
158 150 166 150
167 150 175 150
176 150 187 150
188 150 199 150
149 151 158 151
159 151 167 151
168 151 175 151
176 151 183 151
184 151 191 151
192 151 199 151
150 152 157 152
158 152 166 152
167 152 177 152
178 152 187 152
188 152 199 152
150 153 161 153
162 153 174 153
175 153 189 153
190 153 199 153
150 154 167 154
168 154 183 154
184 154 191 154
192 154 199 154
149 155 157 155
158 155 166 155
167 155 174 155
175 155 186 155
187 155 199 155
146 156 161 156
162 156 173 156
174 156 185 156
186 156 199 156
148 157 158 157
159 157 166 157
167 157 175 157
176 157 187 157
188 157 199 157
150 158 159 158
160 158 171 158
172 158 183 158
184 158 199 158
150 159 157 159
158 159 167 159
168 159 179 159
180 159 187 159
188 159 199 159
150 160 158 160
159 160 170 160
171 160 182 160
183 160 198 160
150 161 159 161
160 161 171 161
172 161 183 161
184 161 199 161
150 162 157 162
158 162 167 162
168 162 175 162
176 162 187 162
188 162 199 162
144 163 159 163
160 163 170 163
171 163 181 163
182 163 189 163
190 163 199 163
149 164 160 164
161 164 172 164
173 164 180 164
181 164 188 164
189 164 199 164
150 165 159 165
160 165 167 165
168 165 176 165
177 165 187 165
188 165 199 165
149 166 157 166
158 166 167 166
168 166 179 166
180 166 195 166
150 167 157 167
158 167 165 167
166 167 173 167
174 167 183 167
184 167 199 167
150 168 157 168
158 168 167 168
168 168 178 168
179 168 186 168
187 168 199 168
142 169 161 169
162 169 173 169
174 169 186 169
187 169 199 169
149 170 161 170
162 170 177 170
178 170 191 170
192 170 199 170
150 171 160 171
161 171 172 171
173 171 180 171
181 171 188 171
189 171 199 171
150 172 160 172
161 172 172 172
173 172 184 172
185 172 199 172
150 173 164 173
165 173 176 173
177 173 187 173
188 173 199 173
150 174 158 174
159 174 170 174
171 174 182 174
183 174 190 174
191 174 199 174
150 175 159 175
160 175 171 175
172 175 183 175
184 175 199 175
150 176 157 176
158 176 167 176
168 176 175 176
176 176 187 176
188 176 199 176
150 177 159 177
160 177 169 177
170 177 177 177
178 177 187 177
188 177 199 177
145 178 157 178
158 178 167 178
168 178 179 178
180 178 191 178
192 178 199 178
150 179 158 179
159 179 166 179
167 179 175 179
176 179 187 179
188 179 199 179
150 180 162 180
163 180 175 180
176 180 187 180
188 180 199 180
149 181 163 181
164 181 175 181
176 181 183 181
184 181 191 181
192 181 199 181
150 182 159 182
160 182 167 182
168 182 175 182
176 182 187 182
188 182 199 182
150 183 157 183
158 183 167 183
168 183 177 183
178 183 187 183
188 183 199 183
150 184 162 184
163 184 174 184
175 184 186 184
187 184 199 184
148 185 158 185
159 185 167 185
168 185 175 185
176 185 187 185
188 185 199 185
154 186 170 186
171 186 178 186
179 186 187 186
188 186 199 186
150 187 161 187
162 187 170 187
171 187 181 187
182 187 190 187
191 187 199 187
150 188 160 188
161 188 168 188
169 188 176 188
177 188 187 188
188 188 199 188
150 189 157 189
158 189 165 189
166 189 175 189
176 189 185 189
186 189 199 189
149 190 161 190
162 190 173 190
174 190 185 190
186 190 199 190
150 191 161 191
162 191 169 191
170 191 180 191
181 191 197 191
150 192 159 192
160 192 171 192
172 192 184 192
185 192 199 192
150 193 159 193
160 193 171 193
172 193 180 193
181 193 190 193
191 194 199 193
146 194 161 194
162 194 173 194
174 194 190 194
150 195 159 195
160 195 168 195
169 195 179 195
180 195 187 195
188 195 199 195
150 196 157 196
158 196 166 196
167 196 178 196
179 196 187 196
188 196 199 196
146 197 161 197
162 197 176 197
177 197 198 197
150 198 161 198
162 198 173 198
174 198 185 198
186 198 199 198
150 199 161 199
162 199 172 199
173 199 184 199
185 199 199 199
150 200 160 200
161 200 172 200
173 200 180 200
181 200 188 200
189 200 199 200
150 201 163 201
164 201 176 201
177 201 187 201
188 201 199 201
150 202 160 202
161 202 169 202
170 202 177 202
178 202 187 202
188 202 199 202
150 203 161 203
162 203 174 203
175 203 188 203
189 203 199 203
150 204 157 204
158 204 166 204
167 204 175 204
176 204 187 204
188 204 199 204
150 205 160 205
161 205 169 205
170 205 178 205
179 205 187 205
188 205 199 205
150 206 161 206
162 206 173 206
174 206 185 206
186 206 199 206
148 207 161 207
162 207 173 207
174 207 185 207
186 207 199 207
150 208 158 208
159 208 170 208
171 208 182 208
183 208 199 208
150 209 162 209
163 209 174 209
175 209 186 209
187 209 199 209
150 210 161 210
162 210 173 210
174 210 186 210
187 210 199 210
150 211 160 211
161 211 172 211
173 211 184 211
185 211 199 211
150 212 161 212
162 212 177 212
178 212 187 212
188 212 199 212
150 213 162 213
163 213 170 213
171 213 180 213
181 213 190 213
191 213 199 213
150 214 159 214
160 214 167 214
168 214 177 214
178 214 187 214
188 214 199 214
150 215 159 215
160 215 167 215
168 215 175 215
176 215 187 215
188 215 199 215
150 216 157 216
158 216 165 216
166 216 177 216
178 216 187 216
188 216 199 216
151 217 162 217
163 217 170 217
171 217 180 217
181 217 191 217
192 217 199 217
150 218 159 218
160 218 169 218
170 218 181 218
182 218 198 218
150 219 158 219
159 219 166 219
167 219 175 219
176 219 187 219
188 219 199 219
150 220 157 220
158 220 165 220
166 220 175 220
176 220 187 220
188 220 199 220
150 221 161 221
162 221 170 221
171 221 178 221
179 221 189 221
190 221 199 221
148 222 159 222
160 222 171 222
172 222 183 222
184 222 199 222
150 223 165 223
166 223 176 223
177 223 187 223
188 223 199 223
150 224 158 224
159 224 170 224
171 224 180 224
181 224 188 224
189 224 199 224
150 225 157 225
158 225 168 225
169 225 182 225
183 225 199 225
147 226 161 226
162 226 173 226
174 226 185 226
186 226 199 226
150 227 157 227
158 227 169 227
170 227 181 227
182 227 199 227
150 228 157 228
158 228 168 228
169 228 176 228
177 228 187 228
188 228 199 228
150 229 158 229
159 229 168 229
169 229 180 229
181 229 196 229
150 230 157 230
158 230 165 230
166 230 175 230
176 230 187 230
188 230 199 230
148 231 159 231
160 231 168 231
169 231 177 231
178 231 187 231
188 231 199 231
149 232 160 232
161 232 171 232
172 232 179 232
180 232 188 232
189 232 199 232
150 233 157 233
158 233 165 233
166 233 177 233
178 233 187 233
188 233 199 233
149 234 159 234
160 234 170 234
171 234 178 234
179 234 187 234
188 234 199 234
150 235 158 235
159 235 167 235
168 235 175 235
176 235 187 235
188 235 199 235
150 236 162 236
163 236 174 236
175 236 186 236
187 236 199 236
150 237 161 237
162 237 173 237
174 237 185 237
186 237 199 237
146 238 161 238
162 238 173 238
174 238 185 238
186 238 199 238
150 239 161 239
162 239 173 239
174 239 185 239
186 239 199 239
148 240 158 240
159 240 170 240
171 240 179 240
180 240 187 240
188 240 199 240
150 241 158 241
159 241 166 241
167 241 178 241
179 241 190 241
191 241 199 241
150 242 160 242
161 242 171 242
172 242 183 242
184 242 199 242
148 243 158 243
159 243 170 243
171 243 182 243
183 243 199 243
147 244 161 244
162 244 170 244
171 244 182 244
183 244 199 244
149 245 161 245
162 245 173 245
174 245 185 245
186 245 199 245
150 246 158 246
159 246 168 246
169 246 180 246
181 246 189 246
190 246 199 246
150 247 157 247
158 247 168 247
169 247 180 247
181 247 189 247
190 247 199 247
149 248 157 248
158 248 167 248
168 248 177 248
178 248 187 248
188 248 199 248
150 249 159 249
160 249 167 249
168 249 178 249
179 249 188 249
189 249 199 249
