2212
0 0 1 6
0 7 0 20
1 7 1 20
0 25 1 31
0 32 0 45
1 32 1 45
0 50 0 61
1 50 1 61
0 62 0 74
1 62 1 74
0 75 1 81
0 82 0 95
1 84 1 97
0 100 0 113
1 100 1 113
0 125 0 138
1 125 1 138
0 140 1 146
0 150 0 163
1 151 1 164
0 175 1 181
0 182 1 188
0 190 1 196
2 0 2 11
3 0 3 12
2 12 2 24
3 13 3 24
2 25 2 38
3 27 3 40
2 41 3 47
2 50 3 56
2 57 2 70
3 57 3 70
2 75 3 80
2 81 3 87
2 88 3 94
2 100 3 105
2 106 3 112
2 113 2 124
3 113 3 124
2 125 2 138
3 126 3 139
2 140 3 146
2 151 2 164
3 151 3 164
2 165 3 171
2 175 2 188
3 175 3 188
2 189 3 195
4 0 4 13
5 0 5 13
4 15 5 21
4 25 4 38
5 25 5 38
4 39 5 45
4 50 5 56
4 57 4 70
5 59 5 72
4 75 4 88
5 75 5 88
4 92 5 98
4 100 5 106
4 107 5 112
4 113 4 124
4 125 5 131
4 132 5 138
4 140 5 146
4 150 4 163
5 152 5 165
4 166 5 172
4 175 5 181
4 182 4 195
5 183 5 196
6 0 7 5
6 6 7 11
6 12 7 18
6 19 7 24
6 25 6 38
7 25 7 38
6 41 7 47
6 50 7 56
6 57 7 63
6 65 7 71
6 75 6 88
6 89 7 95
6 100 7 106
7 107 7 120
6 125 6 138
6 139 7 145
6 150 7 156
6 157 6 170
7 157 7 170
6 175 6 188
7 175 7 188
6 190 7 196
8 0 9 6
8 7 9 13
8 14 9 20
8 25 8 38
9 25 9 38
8 41 9 47
8 50 8 63
9 50 9 63
8 64 9 70
8 75 9 81
8 82 8 95
9 82 9 95
8 100 8 113
9 105 9 118
8 125 8 138
9 125 9 138
8 139 9 145
8 150 8 162
9 150 9 162
8 163 9 168
8 169 9 174
8 175 9 181
8 182 9 188
8 191 9 197
11 0 11 13
10 4 10 17
10 18 11 24
11 25 11 38
10 26 10 39
10 41 11 47
10 50 11 56
10 57 11 63
10 67 11 73
10 75 10 88
11 78 11 91
10 93 11 99
11 100 11 113
10 117 11 123
10 125 10 138
11 125 11 138
10 139 11 145
10 150 10 163
11 150 11 163
10 165 11 171
11 175 11 188
10 176 10 189
10 190 11 196
12 0 13 6
13 7 13 20
13 25 13 38
12 28 12 41
12 43 13 49
12 50 12 63
13 50 13 63
12 65 13 71
12 75 13 81
12 82 12 95
13 82 13 95
12 100 12 113
13 110 13 123
12 125 12 138
12 150 12 163
13 150 13 163
12 175 12 188
12 193 13 199
14 0 15 6
14 8 14 21
15 9 15 22
14 30 14 43
14 50 15 56
14 57 14 70
15 59 15 72
14 75 14 88
15 75 15 88
14 89 15 95
14 100 14 113
15 101 15 114
14 118 15 124
15 125 15 138
14 126 14 139
14 140 15 146
14 150 15 156
14 157 14 170
15 157 15 170
14 175 14 188
14 189 15 195
16 1 17 7
17 8 17 21
16 11 16 24
16 27 16 40
16 41 17 47
16 50 16 63
17 50 17 63
16 64 17 70
16 75 17 80
16 81 17 87
16 88 17 93
16 94 17 99
16 100 17 106
17 107 17 120
16 108 16 121
16 125 17 131
16 132 16 145
17 132 17 145
16 150 17 156
16 157 16 170
17 159 17 172
16 175 16 188
17 180 17 193
18 1 18 14
19 2 19 15
18 16 19 22
18 25 18 38
19 25 19 38
18 39 19 45
18 50 18 63
19 52 19 65
18 66 19 72
18 75 18 88
18 90 19 96
18 100 18 113
19 100 19 113
18 115 19 121
18 125 18 138
19 125 19 138
18 139 19 145
18 151 19 157
18 159 18 172
19 160 19 173
18 175 18 187
19 182 19 195
18 188 18 199
20 0 21 6
20 7 21 13
20 14 21 20
20 25 20 38
20 42 21 48
20 50 21 56
20 58 21 64
20 65 21 71
20 75 21 81
20 82 20 95
21 84 21 97
20 100 20 113
21 100 21 113
21 125 21 138
20 131 20 144
20 150 20 163
21 150 21 163
20 165 21 171
20 175 21 181
20 182 20 195
21 182 21 195
22 3 23 9
22 10 23 15
22 16 23 22
23 25 23 38
22 27 22 40
22 41 23 47
22 50 23 56
22 57 22 70
23 57 23 70
23 75 23 86
22 76 22 89
23 87 23 99
22 101 23 107
22 108 22 121
22 125 22 138
23 127 23 140
23 150 23 163
22 158 22 171
22 175 23 181
22 182 22 195
23 182 23 195
24 0 25 6
25 7 25 20
24 8 24 21
24 25 24 38
25 25 25 38
24 39 25 45
24 50 24 63
25 50 25 63
24 64 25 70
24 75 24 88
25 76 25 89
24 90 25 96
24 100 24 113
24 114 25 120
24 125 24 138
25 125 25 138
24 150 24 161
25 150 25 161
24 162 25 168
24 169 25 174
24 175 24 188
25 177 25 190
24 191 25 197
26 0 27 6
26 7 26 20
27 11 27 24
26 27 26 40
27 35 27 48
26 50 27 56
27 58 27 71
26 75 26 88
27 77 27 90
26 91 27 97
26 100 27 106
26 107 27 113
26 118 27 124
26 125 27 131
26 132 26 145
27 133 27 146
26 150 27 156
26 157 26 170
27 157 27 170
26 175 26 188
27 175 27 188
26 189 27 195
28 0 28 13
29 25 29 38
28 30 28 43
28 50 28 63
29 50 29 63
28 64 29 70
28 75 29 81
28 84 29 90
28 100 28 113
29 100 29 113
28 114 29 120
29 125 29 138
28 126 28 139
28 140 29 146
28 150 29 156
28 157 28 170
29 157 29 170
28 176 28 189
29 177 29 190
28 191 29 197
30 0 30 13
31 7 31 20
30 25 31 31
30 32 31 38
30 42 31 48
30 50 30 63
31 50 31 63
30 64 31 70
30 75 30 86
31 79 31 92
30 87 30 99
30 100 30 113
31 105 31 118
30 125 30 138
31 127 31 140
30 141 31 147
31 150 31 163
30 167 31 173
30 177 31 183
30 184 30 197
32 0 32 13
33 0 33 13
32 14 33 20
32 25 32 38
33 25 33 38
32 39 33 45
32 52 33 58
33 59 33 72
32 61 32 74
32 76 32 89
33 76 33 89
32 91 33 97
32 100 32 113
33 100 33 113
32 114 33 120
32 125 32 138
33 126 33 139
32 143 33 149
32 150 33 155
32 156 33 161
32 162 33 168
32 175 32 188
33 175 33 188
32 193 33 199
34 0 35 6
35 7 35 20
34 25 35 31
34 32 35 38
34 40 35 46
34 50 34 63
35 56 35 69
34 75 34 86
35 85 35 98
34 87 34 99
34 100 35 106
34 107 34 120
35 111 35 124
34 125 34 138
35 125 35 138
34 143 35 149
34 150 34 163
35 150 35 163
34 164 35 170
34 175 34 186
35 175 35 186
34 187 35 192
34 193 35 199
36 0 36 13
37 0 37 13
36 17 37 23
36 25 36 38
37 25 37 38
36 39 37 45
37 50 37 63
36 54 36 67
36 75 36 88
37 77 37 90
36 91 37 97
37 100 37 111
36 105 36 118
37 112 37 124
37 125 37 138
36 126 36 139
36 140 37 146
36 150 36 163
37 157 37 170
36 176 37 182
36 183 36 196
37 184 37 197
38 0 38 13
39 5 39 18
38 25 38 38
39 25 39 38
38 39 39 45
38 50 39 56
38 57 38 70
38 75 39 81
38 83 38 96
38 101 39 107
38 108 38 121
39 108 39 121
38 125 38 138
39 125 39 138
38 139 39 145
38 150 39 155
38 156 39 162
38 163 38 174
39 163 39 174
38 175 38 188
39 175 39 188
38 189 39 195
40 0 40 13
41 1 41 14
40 15 41 21
40 25 40 38
41 25 41 38
40 41 41 47
40 50 41 56
40 57 41 63
40 66 41 72
40 75 40 88
41 75 41 88
40 89 41 95
40 100 40 113
41 102 41 115
40 116 41 122
40 125 41 131
40 132 41 138
40 140 41 146
40 150 41 156
40 157 40 170
41 157 41 170
41 175 41 188
40 182 40 195
42 0 43 6
42 7 42 20
43 8 43 21
42 25 42 38
42 39 43 45
42 50 42 63
43 50 43 63
42 64 43 70
42 75 42 88
42 89 43 95
42 100 43 106
42 107 42 120
43 108 43 121
43 125 43 138
42 133 42 146
42 150 42 161
43 150 43 163
42 162 42 174
42 175 42 188
43 176 43 189
42 190 43 196
44 0 45 6
44 7 44 20
45 7 45 20
44 25 44 38
45 25 45 38
44 39 45 45
44 50 45 56
45 57 45 70
44 61 44 74
44 75 45 81
44 82 44 93
45 82 45 93
44 94 45 99
44 100 44 113
45 103 45 116
44 117 45 123
44 125 45 131
44 132 44 145
45 135 45 148
44 150 45 156
44 157 44 170
45 157 45 170
44 175 45 181
45 183 45 196
44 184 44 197
46 0 47 6
47 7 47 20
46 11 46 24
46 25 47 31
46 32 46 45
47 34 47 47
46 50 46 63
47 57 47 70
47 75 47 88
46 85 46 98
46 100 46 113
47 100 47 113
46 117 47 123
46 125 46 137
47 125 47 136
47 137 47 149
46 138 46 149
46 150 46 163
47 150 47 163
47 175 47 188
46 181 46 194
48 0 48 13
49 3 49 16
48 17 49 23
48 25 48 38
49 25 49 38
48 39 49 45
48 50 49 56
48 57 48 70
49 59 49 72
48 75 48 88
49 75 49 88
48 91 49 97
48 100 49 106
49 107 49 120
48 125 48 138
48 139 49 145
48 150 48 163
48 164 49 170
48 175 48 188
49 175 49 188
48 189 49 195
50 0 50 11
51 0 51 11
50 12 50 24
51 12 51 24
50 25 50 36
51 25 51 36
50 37 51 43
50 50 50 63
51 51 51 64
50 65 51 71
50 75 50 88
51 75 51 88
50 100 51 106
51 107 51 120
50 111 50 124
50 125 50 138
51 125 51 138
50 140 51 146
50 150 50 163
51 150 51 163
50 175 51 181
50 182 50 195
53 0 53 13
52 7 52 20
52 25 52 38
53 25 53 38
52 39 53 45
52 50 53 56
53 57 53 70
52 58 52 71
52 75 52 88
53 82 53 95
52 100 53 106
52 107 53 113
52 114 53 120
53 125 53 138
52 132 52 145
52 150 52 163
53 153 53 166
52 167 53 173
52 175 53 181
53 182 53 195
52 185 52 198
54 0 54 13
55 0 55 13
54 14 55 20
55 25 55 38
54 29 54 42
54 43 55 49
55 50 55 63
54 58 54 71
54 75 55 81
55 83 55 96
54 100 55 106
54 107 54 120
55 107 55 120
54 125 54 138
55 128 55 141
54 150 54 163
55 155 55 168
54 175 54 188
55 180 55 193
54 194 55 199
57 0 57 13
56 6 56 19
56 26 57 32
56 33 57 39
56 50 56 63
57 52 57 65
56 75 56 88
57 75 57 88
56 89 57 95
56 100 56 111
57 100 57 111
56 112 57 118
56 119 57 124
56 125 56 138
57 125 57 138
56 139 57 145
56 152 56 165
57 152 57 165
56 166 57 172
56 176 56 189
57 182 57 195
58 0 59 6
58 7 58 20
59 34 59 47
58 50 58 63
59 50 59 63
58 64 59 70
58 75 58 88
59 76 59 89
58 90 59 96
58 101 59 107
58 117 59 123
58 125 58 138
59 125 59 138
58 143 59 149
59 150 59 163
58 152 58 165
58 175 58 188
59 178 59 191
60 0 60 13
61 1 61 14
60 15 61 21
60 27 61 33
60 34 61 40
60 41 61 47
61 50 61 63
60 52 60 65
60 66 61 72
60 75 61 80
61 81 61 92
60 93 61 99
60 100 60 113
61 100 61 113
60 115 61 121
60 125 60 138
61 128 61 141
60 142 61 148
60 150 60 163
61 156 61 169
60 175 61 181
60 182 60 195
61 182 61 195
62 0 62 13
62 15 63 21
62 25 62 37
63 25 63 37
62 38 63 43
62 44 63 49
63 50 63 63
62 64 63 70
62 75 63 81
62 82 63 88
62 91 63 97
62 100 62 113
63 100 63 113
62 114 63 120
63 125 63 138
62 139 63 145
62 150 62 162
63 150 63 162
62 163 62 174
63 163 63 174
62 175 62 188
63 175 63 188
62 189 63 195
65 0 65 13
64 2 64 15
65 26 65 39
64 27 64 40
64 41 65 47
64 50 64 63
65 51 65 64
64 65 65 71
64 75 64 88
65 75 65 88
64 89 65 95
64 100 64 113
65 100 65 113
65 125 65 136
64 137 65 143
64 150 64 163
65 150 65 163
64 164 65 170
64 175 65 181
64 182 64 195
65 182 65 195
66 0 67 6
66 7 66 20
67 9 67 22
66 25 66 37
67 25 67 37
66 38 67 43
66 44 67 49
66 50 67 56
66 57 66 70
67 57 67 70
66 75 66 88
67 75 67 88
66 89 67 95
67 100 67 113
66 102 66 115
66 116 67 122
67 125 67 138
66 139 67 145
66 150 66 163
66 168 67 174
66 185 66 198
68 0 68 13
69 0 69 13
68 18 69 24
68 25 68 38
69 28 69 41
68 42 69 48
68 50 69 56
69 57 69 70
68 61 68 74
68 75 68 88
69 76 69 89
68 90 69 96
68 100 69 106
68 107 68 120
69 107 69 120
68 125 68 136
69 136 69 149
68 137 68 149
68 150 68 163
69 150 69 163
68 164 69 170
68 175 68 188
69 176 69 189
68 190 69 196
70 0 70 13
71 3 71 16
70 18 71 24
71 25 71 38
70 29 70 42
70 43 71 49
70 50 70 63
71 50 71 63
70 64 71 70
70 75 71 81
70 82 70 95
71 82 71 95
70 100 70 113
71 109 71 122
70 125 70 138
71 125 71 138
70 139 71 145
70 150 70 163
71 153 71 166
70 168 71 174
70 175 71 181
70 182 70 195
71 184 71 197
72 0 73 6
72 7 72 20
73 7 73 20
72 25 72 38
73 25 73 38
72 39 73 45
72 50 72 63
72 64 73 70
72 75 72 88
73 75 73 88
72 89 73 95
72 100 72 113
73 100 73 113
72 114 73 120
72 125 72 138
73 125 73 138
72 142 73 148
72 150 72 163
73 152 73 165
72 166 73 172
72 175 73 181
72 182 72 195
73 182 73 195
74 0 74 13
75 0 75 13
74 25 75 31
74 32 74 45
74 50 74 63
75 52 75 65
74 68 75 74
74 75 74 88
75 75 75 88
74 89 75 95
75 100 75 113
74 111 74 124
75 125 75 136
74 131 74 144
75 137 75 149
74 150 75 156
74 157 74 168
75 157 75 168
74 169 75 174
74 175 74 188
75 175 75 188
74 191 75 197
76 0 76 13
77 0 77 13
76 14 77 20
76 25 76 38
77 25 77 38
76 41 77 47
76 50 76 63
77 54 77 67
76 68 77 74
76 76 76 89
77 78 77 91
76 92 77 98
76 101 77 107
76 111 76 124
76 133 76 146
77 136 77 149
76 150 77 156
77 157 77 170
76 175 76 188
77 175 77 188
76 189 77 195
78 0 78 13
79 0 79 13
78 14 79 20
78 25 78 38
79 25 79 38
78 39 79 45
78 50 78 63
79 50 79 63
78 64 79 70
78 75 78 87
79 75 79 87
78 88 79 94
78 100 78 113
79 100 79 113
78 130 78 143
79 150 79 163
78 156 78 169
78 175 79 181
78 182 79 188
78 193 79 199
80 0 81 6
80 9 81 15
80 16 81 22
80 25 80 38
81 25 81 38
80 43 81 49
80 50 80 62
81 50 81 61
81 62 81 74
80 63 80 74
80 75 80 86
81 75 81 86
80 87 81 93
80 94 81 99
80 100 81 106
80 107 81 112
80 113 80 124
81 113 81 124
81 125 81 138
80 130 80 143
80 150 80 163
81 152 81 165
80 166 81 172
80 175 81 181
81 182 81 195
80 183 80 196
82 0 82 13
83 0 83 13
82 17 83 23
82 25 82 38
83 25 83 38
82 39 83 45
83 50 83 63
82 51 82 64
82 66 83 72
82 75 82 87
83 82 83 95
82 88 82 99
82 101 82 114
83 102 83 115
82 116 83 122
82 125 82 137
83 125 83 136
83 137 83 149
82 138 82 149
83 150 83 163
82 156 82 169
83 175 83 188
82 179 82 192
82 193 83 199
84 1 84 14
85 9 85 22
84 29 84 42
85 36 85 49
85 53 85 66
84 55 84 68
84 75 84 88
85 75 85 88
84 89 85 95
84 100 85 106
84 107 85 113
84 114 85 120
84 127 85 133
84 134 85 140
84 141 85 147
84 150 84 163
85 150 85 163
84 164 85 170
84 175 84 188
85 175 85 188
84 189 85 195
87 1 87 14
86 4 86 17
86 18 87 24
86 25 87 31
86 32 87 38
86 39 87 45
86 50 86 63
87 50 87 63
86 67 87 73
86 75 87 81
87 82 87 95
86 84 86 97
86 100 87 106
86 107 86 120
87 107 87 120
86 125 87 131
86 132 87 138
86 150 86 163
87 150 87 163
86 164 87 170
86 175 86 187
87 181 87 194
86 188 86 199
88 0 89 6
88 7 89 13
88 14 89 20
88 25 88 38
89 25 89 38
88 43 89 49
89 59 89 72
88 60 88 73
88 75 89 81
88 82 88 95
89 82 89 95
88 100 89 106
89 125 89 138
88 139 89 145
88 150 88 163
89 153 89 166
88 167 89 173
88 175 88 188
89 175 89 188
88 191 89 197
90 0 90 13
91 0 91 13
90 14 91 20
90 25 90 38
91 26 91 39
90 40 91 46
90 50 90 63
91 50 91 63
90 75 91 81
91 82 91 93
90 94 91 99
90 100 91 106
90 107 90 120
91 107 91 120
90 125 90 138
91 128 91 141
90 142 91 148
91 158 91 171
90 175 90 188
91 179 91 192
92 0 93 5
92 6 92 19
93 6 93 19
92 25 92 38
93 25 93 38
92 43 93 49
93 50 93 63
92 53 92 66
92 67 93 73
92 75 92 88
93 75 93 88
92 89 93 95
92 103 93 109
92 110 92 123
92 125 92 138
93 134 93 147
92 155 93 161
92 168 93 174
93 175 93 188
92 177 92 190
92 191 93 197
94 1 94 14
95 2 95 15
94 17 95 23
94 25 94 38
95 25 95 38
94 39 95 45
94 50 95 56
94 61 94 74
94 75 95 81
94 82 95 87
94 88 94 99
95 88 95 99
95 109 95 122
94 125 95 131
94 132 94 143
94 144 95 149
94 150 94 162
95 159 95 172
94 163 94 174
94 175 95 181
94 182 95 188
94 189 95 195
96 0 96 13
97 0 97 13
96 15 97 21
96 25 96 38
97 25 97 38
96 39 97 45
96 50 96 63
97 55 97 68
96 76 96 89
96 90 97 96
96 100 96 113
97 110 97 123
96 125 97 131
96 132 97 138
96 139 97 145
96 150 96 163
97 160 97 173
96 175 96 188
97 175 97 188
96 190 97 196
98 0 99 6
99 7 99 20
98 25 98 36
99 30 99 43
98 37 98 49
99 50 99 63
98 51 98 64
98 65 99 71
98 75 98 88
99 75 99 88
98 90 99 96
99 100 99 111
98 103 98 116
99 112 99 124
99 125 99 138
98 126 98 139
98 150 98 163
99 157 99 170
98 175 99 181
98 182 99 188
98 191 99 197
100 0 101 5
100 6 100 18
101 6 101 18
100 19 101 24
100 25 100 38
101 32 101 45
100 50 100 63
101 56 101 69
100 75 101 81
100 82 100 95
100 100 101 106
101 109 101 122
101 125 101 138
100 126 100 139
101 150 101 163
100 157 100 170
101 175 101 188
100 179 100 192
100 193 101 199
102 0 102 13
102 25 102 38
103 25 103 38
102 40 103 46
102 50 102 63
103 50 103 63
102 68 103 74
102 75 102 88
103 75 103 88
102 93 103 99
102 100 102 111
103 104 103 117
102 112 102 124
102 125 102 138
103 127 103 140
102 141 103 147
102 150 102 163
103 150 103 163
102 168 103 174
102 175 102 188
103 175 103 188
102 190 103 196
104 0 104 13
105 0 105 13
104 25 104 38
105 25 105 38
104 40 105 46
104 50 104 63
105 51 105 64
104 75 104 86
105 75 105 86
104 87 104 99
105 87 105 99
104 100 104 112
105 100 105 112
104 113 104 124
105 113 105 124
104 125 105 131
104 132 104 145
105 134 105 147
104 150 105 156
104 157 104 170
105 157 105 170
104 175 104 188
105 177 105 190
104 191 105 197
107 0 107 13
106 9 106 22
106 25 107 31
107 35 107 48
106 53 106 66
107 54 107 67
106 68 107 74
106 77 106 90
107 77 107 90
106 91 107 97
106 100 106 113
107 100 107 113
106 114 107 120
106 125 106 138
107 135 107 148
106 150 107 155
106 156 106 167
107 156 107 167
106 168 107 174
106 175 107 180
106 181 106 194
107 181 107 194
109 0 109 13
108 2 108 15
108 16 109 22
108 25 108 38
108 41 109 47
109 50 109 63
108 56 108 69
108 75 108 88
109 79 109 92
108 93 109 99
108 102 108 115
109 103 109 116
108 117 109 123
108 125 109 131
108 132 109 138
108 150 108 161
109 150 109 162
108 162 108 174
109 163 109 174
108 176 108 189
109 176 109 189
108 190 109 196
110 0 110 13
110 14 111 20
110 25 110 38
111 27 111 40
110 42 111 48
110 50 111 56
110 57 111 63
110 64 111 70
110 75 111 81
110 82 110 95
111 82 111 95
110 102 110 115
111 102 111 115
110 116 111 122
110 125 110 138
111 125 111 138
110 139 111 145
110 150 111 156
110 157 111 163
110 166 111 172
110 175 110 188
111 175 111 188
110 193 111 199
112 0 112 13
113 1 113 14
112 15 113 21
113 25 113 38
112 31 112 44
112 50 113 56
112 57 113 63
112 64 113 70
112 75 112 88
113 75 113 88
112 89 113 95
112 100 112 113
113 100 113 113
112 118 113 124
112 125 112 138
113 129 113 142
112 143 113 149
112 150 113 156
112 157 113 163
113 175 113 188
112 178 112 191
112 192 113 198
114 0 114 13
115 0 115 13
114 14 115 20
114 25 114 38
115 25 115 38
114 39 115 45
114 50 114 63
115 53 115 66
114 67 115 73
115 75 115 88
114 78 114 91
114 92 115 98
114 100 114 113
115 105 115 118
114 119 115 124
115 125 115 138
114 133 114 146
114 150 115 156
115 158 115 171
114 159 114 172
114 175 115 181
115 182 115 195
114 183 114 196
116 0 117 6
116 7 116 20
117 10 117 23
117 25 117 38
116 36 116 49
117 50 117 63
116 51 116 64
116 65 117 71
116 78 116 91
117 79 117 92
116 93 117 99
116 102 116 115
117 108 117 121
116 125 116 138
117 125 117 138
116 139 117 145
116 150 116 163
117 150 117 163
116 168 117 174
116 175 117 181
116 182 116 195
117 183 117 196
118 0 118 13
119 0 119 13
118 14 119 20
118 27 119 33
119 36 119 49
118 50 118 63
119 50 119 63
118 64 119 70
118 77 118 90
119 77 119 90
118 100 118 111
119 100 119 112
118 112 118 124
119 113 119 124
118 125 118 138
119 127 119 140
118 150 119 156
118 157 118 170
119 161 119 174
118 175 118 188
119 183 119 196
120 0 121 6
120 7 120 20
120 25 121 31
120 32 120 45
121 33 121 46
120 50 120 63
121 50 121 63
120 64 121 70
120 75 120 88
121 75 121 88
120 100 120 113
121 100 121 113
120 116 121 122
120 125 120 138
121 125 121 138
120 139 121 145
120 150 121 156
120 157 121 163
120 164 121 170
120 175 120 188
121 182 121 195
122 0 123 6
122 10 122 23
122 25 122 37
123 25 123 36
123 37 123 49
122 38 122 49
122 50 122 63
123 53 123 66
122 75 122 88
123 75 123 88
122 90 123 96
122 100 123 106
123 108 123 121
122 109 122 122
123 125 123 138
122 134 122 147
122 150 123 156
122 157 122 170
123 157 123 170
123 175 123 187
122 182 122 195
123 188 123 199
124 0 124 13
125 0 125 13
124 14 125 20
124 25 124 38
125 25 125 38
124 50 124 63
125 50 125 63
124 64 125 70
124 75 124 88
125 75 125 88
124 89 125 95
124 100 125 105
125 106 125 118
124 119 125 124
124 125 125 131
125 132 125 145
124 150 124 163
125 150 125 163
124 175 124 188
125 175 125 188
124 189 125 195
126 0 126 13
127 0 127 13
126 14 127 20
126 25 127 31
127 32 127 45
126 33 126 46
126 50 126 63
127 50 127 61
127 62 127 74
126 75 126 87
127 81 127 94
126 88 126 99
126 100 126 113
127 102 127 115
126 118 127 124
126 125 126 138
127 126 127 139
126 140 127 146
127 150 127 163
126 151 126 164
126 165 127 171
126 186 126 199
128 0 128 13
129 0 129 13
128 14 129 20
129 26 129 39
128 27 128 40
128 50 128 61
129 50 129 62
128 62 128 74
129 63 129 74
128 75 129 81
128 83 129 89
128 90 129 96
128 100 129 106
128 107 128 120
129 108 129 121
128 125 129 131
128 132 129 138
128 139 129 145
128 150 128 161
129 151 129 164
128 162 128 174
128 175 128 188
129 175 129 188
128 189 129 195
130 0 130 13
131 0 131 13
130 14 131 20
130 25 130 38
131 25 131 38
130 39 131 45
131 50 131 63
130 53 130 66
130 67 131 73
131 78 131 91
130 79 130 92
130 100 130 113
131 100 131 113
130 115 131 121
131 125 131 138
130 127 130 140
130 141 131 147
130 150 130 163
131 150 131 163
130 167 131 173
130 177 131 183
130 184 130 197
131 184 131 197
132 0 132 13
133 5 133 18
132 25 132 38
133 25 133 38
132 39 133 45
132 50 132 63
133 52 133 65
132 67 133 73
132 75 132 88
133 85 133 98
132 100 133 106
132 107 132 120
133 110 133 123
132 125 133 131
132 132 132 145
133 132 133 145
132 150 132 163
133 150 133 163
132 168 133 174
132 175 132 188
133 175 133 188
132 189 133 195
134 0 134 13
135 2 135 15
134 16 135 22
135 25 135 38
134 32 134 45
134 50 134 61
135 50 135 62
134 62 134 74
135 63 135 74
134 86 134 99
134 100 134 113
135 100 135 113
134 114 135 120
134 125 134 138
135 125 135 138
134 139 135 145
134 150 135 156
134 157 135 163
134 164 135 170
134 175 135 181
134 182 134 195
135 184 135 197
136 0 136 13
137 0 137 13
136 15 137 21
136 28 136 41
137 28 137 41
136 42 137 48
136 50 136 63
137 50 137 63
136 66 137 72
136 75 137 81
136 82 136 95
137 82 137 95
136 100 136 113
137 100 137 113
136 114 137 120
136 125 136 138
137 125 137 138
136 139 137 145
136 150 137 156
136 157 137 163
136 175 136 186
137 175 137 186
136 187 137 193
136 194 137 199
138 0 138 13
139 3 139 16
138 17 139 23
138 25 138 38
139 25 139 38
138 39 139 45
138 50 138 63
139 53 139 66
138 67 139 73
139 77 139 90
138 84 138 97
138 100 138 113
139 100 139 113
138 114 139 120
138 127 138 140
138 141 139 147
138 157 138 170
139 160 139 173
138 175 139 181
138 182 138 195
139 182 139 195
141 0 141 13
140 14 141 20
140 25 140 38
141 25 141 36
141 37 141 49
140 50 141 56
140 57 141 63
140 64 141 70
140 75 140 88
141 75 141 88
140 90 141 96
141 101 141 114
140 103 140 116
140 117 141 123
140 125 140 138
141 125 141 138
140 143 141 149
140 150 140 163
141 150 141 163
140 175 141 180
140 181 140 193
141 181 141 193
140 194 141 199
142 0 142 13
142 17 143 23
142 25 143 30
142 31 142 42
142 43 143 49
142 51 143 57
142 75 143 81
142 82 143 88
142 89 143 95
142 100 142 113
143 107 143 120
142 125 142 138
143 132 143 145
142 150 143 156
142 157 142 170
142 175 143 181
142 183 142 196
144 0 144 13
145 0 145 13
144 14 145 20
144 25 144 36
145 30 145 43
144 37 144 49
144 50 144 63
145 51 145 64
144 66 145 72
144 75 145 81
145 82 145 95
144 85 144 98
144 100 144 113
145 100 145 113
144 114 145 120
144 126 144 139
145 129 145 142
144 143 145 149
144 150 144 163
145 150 145 163
144 167 145 173
144 175 144 188
145 175 145 188
144 190 145 196
146 0 147 6
146 7 147 13
146 17 147 23
146 25 146 38
147 31 147 44
146 50 147 56
146 57 147 63
146 64 147 70
146 75 146 88
147 75 147 88
146 89 147 95
146 100 147 105
146 106 146 118
147 106 147 118
146 119 147 124
146 125 146 136
147 125 147 137
146 137 146 149
147 138 147 149
146 150 146 163
147 150 147 163
146 175 146 188
147 175 147 188
146 189 147 195
148 0 149 5
148 6 148 19
149 10 149 23
148 25 148 38
148 39 149 45
149 56 149 69
148 61 148 74
148 76 148 89
148 90 149 96
148 100 149 106
148 107 148 120
149 108 149 121
148 125 148 136
149 132 149 145
148 137 148 149
148 150 148 163
149 150 149 163
148 166 149 172
148 175 149 181
148 182 148 195
149 182 149 195
151 3 151 16
150 9 150 22
150 25 150 38
151 26 151 39
150 40 151 46
150 50 151 56
151 57 151 70
150 58 150 71
150 75 151 81
150 82 150 95
151 82 151 95
150 100 151 106
150 107 151 113
150 115 151 121
150 125 150 138
151 135 151 148
150 150 150 163
151 150 151 163
150 164 151 170
150 175 150 188
151 175 151 188
150 191 151 197
152 0 153 6
152 7 152 20
153 8 153 21
152 25 152 37
153 25 153 36
153 37 153 49
152 38 152 49
152 50 153 56
152 57 152 70
153 60 153 73
152 75 152 88
153 75 153 88
152 89 153 95
152 100 152 113
152 114 153 120
153 125 153 138
152 132 152 145
153 150 153 161
152 154 152 167
153 162 153 174
152 175 153 181
152 182 153 188
152 193 153 199
154 3 155 9
154 10 154 23
155 10 155 23
154 25 155 31
154 32 154 45
155 32 155 45
155 50 155 63
154 52 154 65
154 67 155 73
154 75 154 88
155 79 155 92
154 93 155 99
154 108 154 121
155 108 155 121
154 125 154 138
155 125 155 138
154 142 155 148
154 150 154 163
154 164 155 170
154 175 154 188
155 175 155 188
154 189 155 195
156 0 156 13
157 0 157 13
156 15 157 21
156 25 156 38
157 26 157 39
156 40 157 46
156 50 157 56
156 57 156 70
157 58 157 71
156 75 157 81
157 82 157 95
157 100 157 113
156 102 156 115
156 116 157 122
156 125 157 131
156 135 156 148
156 150 157 156
156 157 156 170
157 158 157 171
157 175 157 188
156 182 156 195
158 0 158 13
159 4 159 17
158 18 159 24
158 25 159 31
158 32 158 45
159 32 159 45
158 50 158 63
159 50 159 63
158 68 159 74
158 75 158 88
159 75 159 88
158 90 159 96
159 100 159 113
158 106 158 119
158 125 158 138
159 125 159 138
158 139 159 145
158 150 158 163
159 150 159 163
158 164 159 170
158 175 159 180
158 181 158 193
159 181 159 193
158 194 159 199
160 0 161 6
160 7 160 20
161 11 161 24
160 25 160 38
161 25 161 38
160 42 161 48
160 50 160 63
161 50 161 63
160 67 161 73
160 75 161 81
161 82 161 95
160 86 160 99
160 100 160 113
161 102 161 115
160 116 161 122
160 126 160 139
161 136 161 149
160 150 160 163
161 150 161 163
160 175 160 188
161 175 161 188
163 0 163 13
162 3 162 16
162 17 163 23
162 25 163 31
162 32 163 37
162 38 162 49
163 38 163 49
162 50 162 63
163 53 163 66
162 67 163 73
162 75 162 86
163 75 163 86
162 87 162 99
163 87 163 99
162 100 162 113
163 100 163 113
162 118 163 124
162 125 163 131
162 132 163 138
162 139 163 145
162 150 162 163
163 154 163 167
162 168 163 174
162 175 163 180
162 181 163 186
162 187 163 192
162 193 163 199
164 0 164 13
165 9 165 22
164 25 165 31
165 32 165 45
164 35 164 48
164 50 164 63
165 50 165 63
164 64 165 70
164 75 164 88
165 83 165 96
164 100 165 106
165 107 165 120
164 109 164 122
165 125 165 138
164 139 165 145
164 150 164 163
165 150 165 163
164 164 165 170
164 175 164 188
165 175 165 188
164 190 165 196
166 0 166 13
167 2 167 15
166 17 167 23
166 25 166 38
167 29 167 42
166 43 167 49
166 50 167 56
166 57 167 62
166 63 167 68
166 69 167 74
166 75 166 88
166 93 167 99
166 100 166 113
167 100 167 113
166 114 167 120
166 125 167 130
166 131 167 136
167 137 167 149
166 150 166 163
167 151 167 164
166 165 167 171
166 175 167 181
166 182 166 195
167 182 167 195
169 0 169 13
168 3 168 16
168 18 169 24
168 25 169 31
168 32 168 45
168 50 168 63
169 61 169 74
168 75 168 88
169 78 169 91
168 92 169 98
168 100 169 106
168 107 168 120
169 107 169 120
168 125 168 138
169 125 169 138
168 139 169 145
168 151 168 164
169 152 169 165
168 166 169 172
168 175 168 186
169 181 169 194
168 187 168 199
170 4 170 17
170 25 170 38
171 25 171 38
170 39 171 45
170 50 170 63
171 50 171 63
170 64 171 70
170 75 171 81
170 82 170 95
171 82 171 95
170 101 170 114
170 115 171 121
170 125 171 131
170 132 170 143
170 144 171 149
170 156 170 169
171 158 171 171
170 175 170 188
171 176 171 189
170 190 171 196
172 0 173 5
172 6 173 11
172 12 172 24
173 12 173 24
173 31 173 44
172 34 172 47
172 50 173 56
172 57 173 63
172 64 173 70
172 75 173 81
172 82 173 88
172 100 172 113
173 100 173 113
172 114 173 120
172 125 173 130
172 131 172 144
173 131 173 144
172 150 172 163
173 153 173 166
172 167 173 173
172 175 173 181
172 182 173 188
172 191 173 197
174 0 174 13
175 0 175 13
174 14 175 20
174 25 175 30
174 31 175 36
174 37 174 49
175 37 175 49
174 50 174 63
175 50 175 63
174 68 175 74
174 75 174 88
174 100 175 106
175 107 175 120
174 109 174 122
174 125 174 138
175 126 175 139
174 140 175 146
174 150 174 161
175 150 175 161
174 162 174 174
175 162 175 174
174 175 175 181
174 182 175 187
174 188 175 193
174 194 175 199
176 0 176 13
177 0 177 13
176 14 177 20
176 25 176 38
177 27 177 40
176 42 177 48
176 50 176 63
177 50 177 63
176 64 177 70
176 75 176 88
177 76 177 89
176 90 177 96
176 100 176 113
177 100 177 113
176 114 177 120
176 125 176 138
177 127 177 140
176 141 177 147
176 150 176 163
177 150 177 163
176 164 177 170
176 175 176 188
177 175 177 188
176 189 177 195
178 0 178 13
179 0 179 13
178 25 178 37
179 25 179 36
179 37 179 49
178 38 178 49
178 50 178 63
179 53 179 66
178 67 179 73
178 77 178 90
179 84 179 97
178 100 178 113
179 100 179 113
178 114 179 120
178 125 178 138
179 125 179 138
178 139 179 145
178 150 178 163
179 150 179 163
178 175 179 181
178 182 179 187
178 188 179 194
181 0 181 13
180 2 180 15
180 16 181 22
180 25 180 38
181 25 181 38
180 43 181 49
180 50 180 62
181 50 181 62
180 63 181 69
180 75 180 88
181 75 181 88
180 89 181 95
180 100 180 113
181 101 181 114
180 115 181 121
180 125 181 130
181 131 181 142
180 143 181 149
180 150 181 156
180 157 180 170
181 175 181 188
180 179 180 192
182 0 182 13
183 0 183 11
183 12 183 24
182 25 182 38
183 25 183 38
182 40 183 46
182 50 183 56
182 57 182 70
183 58 183 71
182 75 182 88
183 75 183 88
182 89 183 95
182 100 182 113
183 100 183 113
182 114 183 120
183 125 183 138
182 140 183 146
182 150 182 163
183 151 183 164
182 165 183 171
182 175 182 188
183 176 183 189
182 190 183 196
185 0 185 13
184 3 184 16
184 25 185 31
184 32 184 45
185 32 185 45
184 50 184 63
185 50 185 63
184 64 185 70
185 75 185 88
184 76 184 89
184 90 185 96
184 100 184 113
185 100 185 113
184 114 185 120
184 125 184 138
185 126 185 139
184 142 185 148
184 150 184 163
185 152 185 165
184 175 184 188
185 175 185 188
184 191 185 197
186 0 186 13
187 0 187 13
186 15 187 21
186 25 186 38
187 26 187 39
186 40 187 46
186 50 186 63
187 50 187 63
186 65 187 71
186 75 186 88
187 75 187 88
186 89 187 95
186 100 186 113
187 100 187 113
186 114 187 120
186 125 187 130
186 131 187 137
186 138 186 149
187 138 187 149
186 155 186 168
187 157 187 170
186 175 186 188
187 175 187 188
186 190 187 196
188 0 189 5
188 6 188 18
189 6 189 18
188 19 189 24
188 25 188 38
189 25 189 38
188 50 189 55
188 56 189 61
188 62 189 67
188 68 189 74
188 75 188 88
188 89 189 95
188 100 188 113
188 118 189 124
188 125 188 138
189 125 189 138
188 139 189 145
189 150 189 163
188 156 188 169
189 175 189 188
188 176 188 189
188 190 189 196
190 0 190 13
191 0 191 13
190 14 191 20
190 29 190 42
190 43 191 49
190 50 191 56
190 59 190 72
190 75 190 86
191 81 191 94
190 87 190 99
190 100 191 106
190 107 190 118
191 107 191 118
190 119 191 124
190 125 190 138
191 125 191 138
190 139 191 145
190 153 190 166
191 156 191 169
190 175 190 188
191 175 191 188
190 189 191 195
192 1 192 14
193 4 193 17
192 18 193 24
192 25 193 31
192 32 193 38
192 39 193 45
192 50 192 63
193 50 193 63
192 66 193 72
192 75 192 88
193 78 193 91
193 100 193 113
192 114 193 120
192 125 192 138
192 139 193 145
192 150 192 163
193 153 193 166
192 175 193 181
193 182 193 195
195 0 195 13
194 6 194 19
194 25 194 38
195 25 195 38
194 39 195 45
194 50 194 63
195 50 195 63
194 66 195 72
194 75 195 81
194 85 194 98
195 86 195 99
195 100 195 113
194 101 194 114
194 115 195 121
194 125 194 138
195 125 195 138
194 150 195 156
194 157 194 170
195 159 195 172
194 175 194 188
194 193 195 199
196 0 197 6
196 7 196 20
197 11 197 24
196 28 196 41
196 42 197 48
196 50 197 56
196 58 197 64
196 67 197 73
196 75 196 88
197 76 197 89
196 90 197 96
196 100 197 106
197 107 197 120
196 125 196 137
197 125 197 137
196 138 197 143
196 144 197 149
196 150 197 156
197 157 197 170
196 158 196 171
196 175 196 188
197 179 197 192
196 193 197 199
198 1 199 7
198 8 199 14
198 15 199 21
198 25 198 38
199 27 199 40
198 42 199 48
198 50 198 63
199 50 199 63
198 64 199 70
198 75 199 81
198 82 198 95
199 82 199 95
198 100 198 113
199 100 199 113
198 114 199 120
198 125 198 136
199 125 199 136
198 137 199 142
198 143 199 149
198 150 198 163
199 150 199 163
198 164 199 170
198 175 199 181
198 182 199 188
198 191 199 197
